0 1 0.0  Commodities: 0 0.0 1 9.38374234185276 2 24.408249061380868 
1 0 0.0  Commodities: 0 0.0 1 0.0 2 0.0 
0 8 8.028424152225398  Commodities: 0 0.0 1 0.0 2 22.591750938858727 
8 0 0.0  Commodities: 0 0.0 1 9.383742341728846 2 0.0 
1 2 0.0  Commodities: 0 0.0 1 9.44037253071956 2 8.730081179581012 
2 1 0.0  Commodities: 0 0.0 1 0.0 2 0.0 
1 9 0.0  Commodities: 0 0.0 1 0.0 2 15.67816788183732 
9 1 0.0  Commodities: 0 0.0 1 0.05663018905762611 2 0.0 
2 3 0.0  Commodities: 0 0.0 1 9.440372534030773 2 0.0 
3 2 0.0  Commodities: 0 0.0 1 0.0 2 0.0 
2 10 5.107428251909454  Commodities: 0 0.0 1 0.0 2 8.730081176046284 
10 2 0.0  Commodities: 0 0.0 1 0.0 2 0.0 
3 4 0.9746758869404744  Commodities: 0 0.0 1 13.954600161545281 2 0.0 
4 3 0.0  Commodities: 0 0.0 1 0.0 2 0.0 
3 11 0.0  Commodities: 0 0.0 1 0.0 2 0.0 
11 3 0.7392199908558794  Commodities: 0 0.0 1 4.514227627716726 2 0.0 
4 5 3.136676105154562E9  Commodities: 0 0.0 1 41.98218077634179 2 0.0 
5 4 17.95032311058082  Commodities: 0 0.0 1 0.0 2 0.0 
4 12 0.0  Commodities: 0 0.0 1 0.0 2 0.0 
12 4 0.0  Commodities: 0 0.0 1 28.027580615101723 2 0.0 
5 6 35.13081860922852  Commodities: 0 0.0 1 0.0 2 0.0 
6 5 3.136676099353028E9  Commodities: 0 0.0 1 28.526508027112556 2 0.0 
5 13 0.0  Commodities: 0 0.0 1 0.0 2 0.0 
13 5 0.0  Commodities: 0 0.0 1 9.491311197220544 2 0.0 
6 7 0.0  Commodities: 0 0.0 1 0.0 2 0.0 
7 6 0.0  Commodities: 0 0.0 1 16.972193108487396 2 0.0 
6 14 0.0  Commodities: 0 0.0 1 0.0 2 0.0 
14 6 0.0  Commodities: 0 0.0 1 11.55431491885942 2 0.0 
7 15 6.644026552658075  Commodities: 0 0.0 1 0.0 2 0.0 
15 7 0.0  Commodities: 0 0.0 1 16.972193108268907 2 0.0 
8 9 0.0  Commodities: 0 0.0 1 0.039209149079853525 2 0.0 
9 8 0.0  Commodities: 0 0.0 1 0.0 2 1.758658469879303 
8 16 0.0  Commodities: 0 0.0 1 0.0 2 24.350409408843227 
16 8 0.0  Commodities: 0 0.0 1 9.422951490936 2 0.0 
9 10 0.0  Commodities: 0 0.0 1 1.3102697456126995 2 0.0 
10 9 0.0  Commodities: 0 0.0 1 0.0 2 0.0 
9 17 9.367879828137731  Commodities: 0 0.0 1 0.0 2 13.919509412136579 
17 9 1.7573019995372974  Commodities: 0 0.0 1 1.3276907856898892 2 0.0 
10 11 0.0  Commodities: 0 0.0 1 9.127330658081952 2 0.8471978333332845 
11 10 0.0  Commodities: 0 0.0 1 0.0 2 0.0 
10 18 0.0  Commodities: 0 0.0 1 0.0 2 7.882883342739799 
18 10 0.0  Commodities: 0 0.0 1 7.817060915899827 2 0.0 
11 12 0.0  Commodities: 0 0.0 1 8.310908328083016 2 0.0 
12 11 0.0  Commodities: 0 0.0 1 0.0 2 0.0 
11 19 0.0  Commodities: 0 0.0 1 0.0 2 0.8471978324796894 
19 11 0.0  Commodities: 0 0.0 1 3.697805297778625 2 0.0 
12 13 3.136676106305258E9  Commodities: 0 0.0 1 0.0 2 0.0 
13 12 17.85796199605756  Commodities: 0 0.0 1 0.0 2 0.0 
12 20 0.0  Commodities: 0 0.0 1 0.0 2 0.0 
20 12 0.0  Commodities: 0 0.0 1 19.716672401255078 2 0.0 
13 14 28.499632649674787  Commodities: 0 0.0 1 0.0 2 0.0 
14 13 3.136676100614471E9  Commodities: 0 0.0 1 1.4734162401613622 2 0.0 
13 21 0.0  Commodities: 0 0.0 1 0.0 2 0.0 
21 13 3.1366761137560253E9  Commodities: 0 0.0 1 8.017894842800546 2 0.0 
14 15 0.0  Commodities: 0 0.0 1 0.0 2 0.0 
15 14 0.0  Commodities: 0 0.0 1 2.600009138100204 2 0.0 
14 22 0.0  Commodities: 0 0.0 1 0.0 2 0.0 
22 14 0.0  Commodities: 0 0.0 1 10.42772202143783 2 0.0 
15 23 0.0  Commodities: 0 0.0 1 0.0 2 0.0 
23 15 0.0  Commodities: 0 0.0 1 19.572202246131802 2 0.0 
16 17 0.0  Commodities: 0 0.0 1 0.0 2 4.419330608998032 
17 16 0.0  Commodities: 0 0.4503396274881391 1 0.0 2 0.0 
16 24 0.0  Commodities: 0 0.45033962473945943 1 0.0 2 19.93107880009926 
24 16 0.0  Commodities: 0 0.0 1 9.422951488953693 2 0.0 
17 18 0.0  Commodities: 0 16.462767051104287 1 0.0 2 0.0 
18 17 0.0  Commodities: 0 0.0 1 0.0 2 0.0 
17 25 4.034162106038764  Commodities: 0 13.086893320184439 1 0.0 2 18.338840023410285 
25 17 0.0  Commodities: 0 0.0 1 1.3276907876065616 2 0.0 
18 19 2.8080051338106387  Commodities: 0 16.462767051855668 1 0.0 2 0.8851275964138197 
19 18 0.0  Commodities: 0 0.0 1 0.0 2 0.0 
18 26 0.0  Commodities: 0 0.0 1 0.0 2 6.997755743549777 
26 18 2.037823644742657  Commodities: 0 0.0 1 7.817060919025632 2 0.0 
19 20 0.0  Commodities: 0 16.462767051327848 1 4.9137367839873445 2 0.8428019822772626 
20 19 0.0  Commodities: 0 0.0 1 0.0 2 0.0 
19 27 0.0  Commodities: 0 0.0 1 0.0 2 0.8895234464104675 
27 19 0.0  Commodities: 0 0.0 1 8.611542077945819 2 0.0 
20 21 0.0  Commodities: 0 2.185359853618693 1 0.0 2 0.0 
21 20 0.0  Commodities: 0 0.0 1 1.9022733442337108 2 0.0 
20 28 4.098441999245548  Commodities: 0 14.277407198421166 1 0.0 2 0.842801567513648 
28 20 0.0  Commodities: 0 0.0 1 12.900662273718869 2 0.0 
21 22 6.931700479901998  Commodities: 0 0.47656536311110703 1 13.626725954703257 2 0.0 
22 21 0.0  Commodities: 0 0.0 1 0.0 2 0.0 
21 29 0.0  Commodities: 0 1.708794490978457 1 0.0 2 0.0 
29 21 0.0  Commodities: 0 0.0 1 23.546894140819035 2 0.0 
22 23 0.0  Commodities: 0 2.5430712625880945E-6 1 6.779774227388264 2 0.0 
23 22 0.0  Commodities: 0 0.0 1 0.0 2 0.0 
22 30 0.0  Commodities: 0 0.47656282255398125 1 0.0 2 0.0 
30 22 0.0  Commodities: 0 0.0 1 3.5807702919003486 2 0.0 
23 31 0.0  Commodities: 0 2.54239233400753E-6 1 0.0 2 0.0 
31 23 0.0  Commodities: 0 0.0 1 12.79242802114416 2 0.0 
24 25 0.0  Commodities: 0 0.0 1 0.0 2 4.057665767647421 
25 24 0.0  Commodities: 0 0.39883812949568226 1 0.0 2 0.0 
24 32 0.0  Commodities: 0 0.8491777541670099 1 0.0 2 15.87341303321529 
32 24 0.0  Commodities: 0 0.0 1 9.422951486982122 2 0.0 
25 26 0.8254228757674582  Commodities: 0 10.50513766999744 1 0.0 2 0.0 
26 25 0.0  Commodities: 0 0.0 1 1.3276907883468587 2 2.6680222557076503 
25 33 0.0  Commodities: 0 2.182917521425425 1 0.0 2 25.064528046031175 
33 25 0.0  Commodities: 0 0.0 1 0.0 2 0.0 
26 27 1.7500596224100349  Commodities: 0 8.99496294762283 1 21.29565613916272 2 0.0 
27 26 0.0  Commodities: 0 0.0 1 0.0 2 0.0 
26 34 2.7743217202490342  Commodities: 0 1.5101747222125053 1 0.0 2 4.3297334901451645 
34 26 0.0  Commodities: 0 0.0 1 30.440407846197715 2 0.0 
27 28 0.0  Commodities: 0 7.98861516756581 1 12.684114063194805 2 0.0 
28 27 0.0  Commodities: 0 0.0 1 0.0 2 0.0 
27 35 2.7701118041338404  Commodities: 0 1.0063477820114242 1 0.0 2 0.8895234435400613 
35 27 1.1063185802967723  Commodities: 0 0.0 1 0.0 2 0.0 
28 29 0.0  Commodities: 0 0.0 1 2.0436025316126814 2 0.0 
29 28 0.0  Commodities: 0 0.0 1 0.0 2 0.0 
28 36 0.0  Commodities: 0 22.26602236628969 1 0.0 2 0.8428015690268547 
36 28 0.0  Commodities: 0 0.0 1 2.260150742335928 2 0.0 
29 30 0.0  Commodities: 0 0.7258578088920863 1 0.0 2 0.0 
30 29 0.0  Commodities: 0 0.0 1 7.969857998698364 2 0.0 
29 37 1.4806588535476628  Commodities: 0 0.9829366818547165 1 0.0 2 0.0 
37 29 0.0  Commodities: 0 0.0 1 13.533433610863016 2 0.0 
30 31 0.0  Commodities: 0 0.0 1 10.766914068579975 2 0.0 
31 30 0.0  Commodities: 0 2.503219946476342E-6 1 0.0 2 0.0 
30 38 0.0  Commodities: 0 1.2024231339673674 1 0.0 2 0.0 
38 30 0.0  Commodities: 0 0.0 1 22.317542358384816 2 0.0 
31 39 0.0  Commodities: 0 0.0 1 0.0 2 0.0 
39 31 0.0  Commodities: 0 0.0 1 2.0255139529942245 2 0.0 
32 33 0.0  Commodities: 0 0.0 1 0.0 2 2.9647557958340123 
33 32 0.0  Commodities: 0 0.0 1 9.422951485832955 2 0.0 
32 40 0.0  Commodities: 0 0.8491777534281244 1 0.0 2 12.90865723715839 
40 32 0.0  Commodities: 0 0.0 1 0.0 2 0.0 
33 34 0.0  Commodities: 0 0.0 1 0.0 2 0.0 
34 33 0.0  Commodities: 0 0.0 1 9.422951493170183 2 4.983066941869133 
33 41 0.0  Commodities: 0 2.1829175217968353 1 0.0 2 0.0 
41 33 0.0  Commodities: 0 0.0 1 0.0 2 13.987649217343414 
34 35 0.0  Commodities: 0 0.0 1 3.831114157460499 2 0.0 
35 34 0.0  Commodities: 0 0.0 1 0.0 2 0.6533334511139225 
34 42 0.0  Commodities: 0 1.510174722551349 1 36.305526503748034 2 0.0 
42 34 0.0  Commodities: 0 0.0 1 0.0 2 0.0 
35 36 4.4862680440581055  Commodities: 0 0.0 1 8.058024966727398 2 0.0 
36 35 0.0  Commodities: 0 0.0 1 0.0 2 0.8428015711361015 
35 43 0.0  Commodities: 0 1.0063477826822755 1 0.0 2 1.0789915633597917 
43 35 0.0  Commodities: 0 0.0 1 4.226910810986564 2 0.0 
36 37 3.1526630386371286  Commodities: 0 0.0 1 21.633522286115543 2 0.0 
37 36 0.0  Commodities: 0 0.0 1 0.0 2 0.0 
36 44 0.0  Commodities: 0 22.26602236721469 1 0.0 2 0.0 
44 36 0.0  Commodities: 0 0.0 1 15.835648061652648 2 0.0 
37 38 0.0  Commodities: 0 0.0 1 9.806614141618992 2 0.0 
38 37 0.0  Commodities: 0 0.26399924897208005 1 0.0 2 0.0 
37 45 0.0  Commodities: 0 1.2469359294257534 1 0.0 2 0.0 
45 37 0.0  Commodities: 0 0.0 1 1.7065254667800864 2 0.0 
38 39 0.0  Commodities: 0 0.0 1 0.0 2 0.0 
39 38 0.0  Commodities: 0 0.0 1 1.1873576449418453 2 0.0 
38 46 2.8139815368676597  Commodities: 0 0.9384238851313468 1 0.0 2 0.0 
46 38 0.0  Commodities: 0 0.0 1 11.323570572528382 2 0.0 
39 47 0.0  Commodities: 0 0.0 1 0.0 2 0.0 
47 39 0.0  Commodities: 0 0.0 1 3.2128715976773385 2 0.0 
40 41 0.0  Commodities: 0 0.0 1 0.0 2 12.90865724469907 
41 40 0.0  Commodities: 0 0.0 1 0.0 2 0.0 
40 48 0.0  Commodities: 0 0.8491777547723396 1 0.0 2 0.0 
48 40 6.864581359823425  Commodities: 0 0.0 1 0.0 2 0.0 
41 42 8.744008452414093  Commodities: 0 1.1146100210054426 1 0.0 2 0.0 
42 41 0.0  Commodities: 0 0.0 1 0.0 2 0.6346873500005296 
41 49 0.0  Commodities: 0 1.068307500707983 1 0.0 2 0.0 
49 41 0.0  Commodities: 0 0.0 1 0.0 2 0.4443046234143716 
42 43 0.0  Commodities: 0 4.0394020766418715 1 36.30552649578117 2 0.0 
43 42 0.0  Commodities: 0 0.0 1 0.0 2 0.6346873519737689 
42 50 0.0  Commodities: 0 0.0 1 0.0 2 0.0 
50 42 0.0  Commodities: 0 1.414617333472453 1 0.0 2 0.0 
43 44 0.0  Commodities: 0 5.173953913123329 1 27.52782222960001 2 0.0 
44 43 0.0  Commodities: 0 0.0 1 0.0 2 0.0 
43 51 1.5365965410796925  Commodities: 0 0.0 1 4.55079345593771 2 0.4443042128888294 
51 43 0.0  Commodities: 0 0.1282040545799574 1 0.0 2 0.0 
44 45 2.5203133583374573  Commodities: 0 0.0 1 9.960766561838792 2 0.0 
45 44 0.0  Commodities: 0 1.2734295658988473 1 0.0 2 0.0 
44 52 0.0  Commodities: 0 0.0 1 1.7314076067898303 2 0.0 
52 44 0.0  Commodities: 0 1.2865941550033035 1 0.0 2 0.0 
45 46 0.0  Commodities: 0 0.0 1 11.898417917979161 2 0.0 
46 45 0.0  Commodities: 0 0.4828431420258918 1 0.0 2 0.0 
45 53 0.0  Commodities: 0 0.45634950608994973 1 0.0 2 0.0 
53 45 0.0  Commodities: 0 0.0 1 3.6441768236199974 2 0.0 
46 47 0.0  Commodities: 0 0.0 1 3.212871578683476 2 0.0 
47 46 6.744733724052809  Commodities: 0 0.0 1 0.0 2 0.0 
46 54 0.0  Commodities: 0 0.4555807444340759 1 0.0 2 0.0 
54 46 0.0  Commodities: 0 0.0 1 2.638024233566661 2 0.0 
47 55 0.0  Commodities: 0 0.0 1 0.0 2 0.0 
55 47 0.0  Commodities: 0 0.0 1 0.0 2 0.0 
48 49 0.0  Commodities: 0 0.8491777545786967 1 0.0 2 0.0 
49 48 0.0  Commodities: 0 0.0 1 0.0 2 0.0 
49 50 0.0  Commodities: 0 1.9174852539927587 1 0.0 2 0.0 
50 49 0.0  Commodities: 0 0.0 1 0.0 2 0.44430463005626286 
50 51 0.0  Commodities: 0 0.502867921160776 1 0.0 2 0.0 
51 50 0.0  Commodities: 0 0.0 1 0.0 2 0.44430462895407175 
51 52 0.0  Commodities: 0 0.3746638669931791 1 4.550793468497306 2 0.0 
52 51 0.0  Commodities: 0 0.0 1 0.0 2 0.0 
52 53 0.0  Commodities: 0 0.0 1 6.282201075457966 2 0.0 
53 52 0.0  Commodities: 0 0.9119302888094486 1 0.0 2 0.0 
53 54 0.0  Commodities: 0 0.0 1 2.638024252458305 2 0.0 
54 53 0.0  Commodities: 0 0.4555807831849115 1 0.0 2 0.0 
54 55 0.0  Commodities: 0 0.0 1 0.0 2 0.0 
55 54 8.175691069484962  Commodities: 0 0.0 1 0.0 2 0.0 
Feasibility: true
 Execution Time:  19720 ms
 false Commodity ID : 0 KP : 145.0163334051045 LP : 162.76971287718828
 false Commodity ID : 1 KP : 3.1366762896384277E9 LP : 3.136676309004569E9
 false Commodity ID : 2 KP : 172.73251575630633 LP : 201.98074973572147

Number of Toll Stations: 36
SocialOptimum : 26726.233062045223
