0 1 0.0  Commodities: 0 0.0 1 0.0 2 0.0 3 0.0 4 0.0 5 0.0 
1 0 0.0  Commodities: 0 0.0 1 0.0 2 0.0 3 3.350522107989729 4 0.0 5 0.0 
0 20 0.0  Commodities: 0 0.0 1 0.0 2 0.0 3 3.3505221075851375 4 0.0 5 0.0 
20 0 0.0  Commodities: 0 0.0 1 0.0 2 0.0 3 0.0 4 0.0 5 0.0 
1 2 0.0  Commodities: 0 0.0 1 0.0 2 0.0 3 0.0 4 0.0 5 0.0 
2 1 0.0  Commodities: 0 0.0 1 0.0 2 5.0903313817854965 3 14.517027347748868 4 0.0 5 0.0 
1 21 0.7353347473122653  Commodities: 0 0.0 1 0.0 2 5.090331378183647 3 11.16650524169326 4 0.0 5 0.0 
21 1 0.0  Commodities: 0 0.0 1 0.0 2 0.0 3 0.0 4 0.0 5 0.0 
2 3 0.0  Commodities: 0 0.0 1 0.0 2 0.0 3 0.0 4 0.0 5 0.0 
3 2 7.059329218120979  Commodities: 0 0.0 1 0.0 2 5.69017625530059 3 14.60446322391342 4 0.0 5 0.0 
2 22 0.0  Commodities: 0 0.0 1 0.0 2 0.5998448769997755 3 0.08743587952599578 4 0.0 5 0.0 
22 2 0.0  Commodities: 0 0.0 1 0.0 2 0.0 3 0.0 4 0.0 5 0.0 
3 4 0.0  Commodities: 0 0.0 1 0.0 2 0.0 3 0.0 4 0.0 5 0.7772543987728394 
4 3 2.152295822085051  Commodities: 0 0.0 1 0.0 2 5.690176256847173 3 1.2616020300256792 4 0.0 5 0.0 
3 23 0.0  Commodities: 0 0.0 1 0.0 2 0.0 3 0.0 4 0.0 5 0.0 
23 3 0.0  Commodities: 0 0.0 1 0.0 2 0.0 3 13.342861194831695 4 0.0 5 0.7772543978922398 
4 5 0.0  Commodities: 0 0.0 1 0.0 2 0.0 3 0.0 4 0.0 5 20.658454352359946 
5 4 0.0  Commodities: 0 0.0 1 0.0 2 6.576965828334283 3 1.261602029535575 4 0.0 5 0.0 
4 24 10.07137152379832  Commodities: 0 0.0 1 0.0 2 0.8867895723618652 3 0.0 4 0.0 5 0.0 
24 4 2.769521747361047  Commodities: 0 0.0 1 0.0 2 0.0 3 0.0 4 0.0 5 19.88119995440961 
5 6 1.3514530976685606  Commodities: 0 0.0 1 0.0 2 0.0 3 0.0 4 0.0 5 20.658454351817788 
6 5 0.0  Commodities: 0 78.6256540822604 1 0.0 2 6.576965827646453 3 1.0879699797443727 4 0.0 5 0.0 
5 25 0.0  Commodities: 0 0.0 1 0.0 2 0.0 3 0.0 4 0.0 5 0.0 
25 5 3.783083500882441  Commodities: 0 4.37434591610131 1 0.0 2 0.0 3 0.17363204979396718 4 0.0 5 0.0 
6 7 0.0  Commodities: 0 0.0 1 0.0 2 0.0 3 0.0 4 0.0 5 20.65845437281235 
7 6 0.0  Commodities: 0 53.982056859591054 1 0.0 2 6.576965828328285 3 0.8639864661380603 4 0.0 5 0.0 
6 26 0.0  Commodities: 0 0.0 1 0.0 2 0.0 3 0.0 4 0.0 5 0.0 
26 6 4.156737006864184  Commodities: 0 24.643597223343974 1 0.0 2 0.0 3 0.22398351435622793 4 0.0 5 0.0 
7 8 0.0  Commodities: 0 0.0 1 0.0 2 0.0 3 0.0 4 0.0 5 22.018730610773098 
8 7 0.0  Commodities: 0 41.06372229623219 1 0.0 2 6.57696582983081 3 0.5664612503103457 4 0.0 5 0.0 
7 27 0.0  Commodities: 0 0.0 1 0.0 2 0.0 3 0.0 4 0.0 5 0.0 
27 7 4.915003618935469  Commodities: 0 12.918334563900428 1 0.0 2 0.0 3 0.29752521641450486 4 0.0 5 1.3602762387271814 
8 9 0.0  Commodities: 0 0.0 1 0.0 2 0.0 3 0.0 4 0.0 5 23.40454241926527 
9 8 0.0  Commodities: 0 36.76444512499673 1 0.0 2 11.596817333781198 3 0.0 4 0.0 5 0.0 
8 28 0.0  Commodities: 0 0.0 1 0.0 2 5.019851504837933 3 0.0 4 0.0 5 0.0 
28 8 0.0  Commodities: 0 4.2992771720368985 1 0.0 2 0.0 3 0.5664612499927875 4 0.0 5 1.385811809443226 
9 10 0.0  Commodities: 0 0.0 1 0.0 2 0.0 3 0.0 4 0.0 5 0.0 
10 9 5.2627596245392  Commodities: 0 36.76444512536973 1 0.0 2 14.44359429347507 3 0.0 4 0.0 5 0.0 
9 29 0.4225456862519934  Commodities: 0 0.0 1 0.0 2 2.846776959895426 3 0.0 4 0.0 5 0.0 
29 9 0.0  Commodities: 0 0.0 1 0.0 2 0.0 3 0.0 4 0.0 5 71.59545757871345 
10 11 0.0  Commodities: 0 0.0 1 0.0 2 0.0 3 0.0 4 0.0 5 0.0 
11 10 0.0  Commodities: 0 36.76444512332981 1 0.0 2 7.899926259291597 3 0.0 4 0.0 5 0.0 
10 30 0.0  Commodities: 0 0.0 1 0.0 2 0.0 3 0.0 4 0.0 5 0.0 
30 10 2.6247884689080934  Commodities: 0 0.0 1 0.0 2 6.543668034609107 3 0.0 4 0.0 5 0.0 
11 12 0.0  Commodities: 0 0.0 1 0.0 2 0.0 3 0.0 4 0.0 5 0.0 
12 11 0.0  Commodities: 0 31.82156381646638 1 0.0 2 0.0 3 0.0 4 0.0 5 0.0 
11 31 0.0  Commodities: 0 0.0 1 0.0 2 0.0 3 0.0 4 0.0 5 0.0 
31 11 0.0  Commodities: 0 4.94288130795924 1 0.0 2 7.89992625744667 3 0.0 4 0.0 5 0.0 
12 13 0.0  Commodities: 0 0.0 1 0.0 2 0.0 3 0.0 4 0.0 5 0.0 
13 12 0.0  Commodities: 0 17.006033943456817 1 0.0 2 0.0 3 0.0 4 0.0 5 0.0 
12 32 0.0  Commodities: 0 0.0 1 0.0 2 0.0 3 0.0 4 0.0 5 0.0 
32 12 6.294839017901552  Commodities: 0 14.815529872064621 1 0.0 2 0.0 3 0.0 4 0.0 5 0.0 
13 14 0.0  Commodities: 0 0.0 1 0.0 2 0.0 3 0.0 4 0.0 5 0.0 
14 13 5.363537254954451  Commodities: 0 14.752055544404211 1 0.0 2 0.0 3 0.0 4 7.060633745603312 5 0.0 
13 33 0.0  Commodities: 0 0.0 1 0.0 2 0.0 3 0.0 4 7.0606337442164495 5 0.0 
33 13 12.387283687947274  Commodities: 0 2.2539783991214986 1 0.0 2 0.0 3 0.0 4 0.0 5 0.0 
14 15 0.0  Commodities: 0 0.0 1 0.0 2 0.0 3 0.0 4 17.889858485389215 5 0.0 
15 14 0.0  Commodities: 0 4.171519619993526 1 0.0 2 0.0 3 0.0 4 0.0 5 0.0 
14 34 7.404962698098473  Commodities: 0 0.0 1 0.0 2 0.0 3 0.0 4 46.04950776956549 5 0.0 
34 14 10.227875127969185  Commodities: 0 10.580535924582916 1 0.0 2 0.0 3 0.0 4 0.0 5 0.0 
15 16 0.0  Commodities: 0 0.0 1 0.0 2 0.0 3 0.0 4 2.2158884421472878 5 0.0 
16 15 0.0  Commodities: 0 0.16428037404047022 1 0.0 2 0.0 3 0.0 4 0.0 5 0.0 
15 35 0.0  Commodities: 0 0.0 1 0.0 2 0.0 3 0.0 4 15.673970044977493 5 0.0 
35 15 0.2859402007377412  Commodities: 0 4.007239247704705 1 0.0 2 0.0 3 0.0 4 0.0 5 0.0 
16 17 0.0  Commodities: 0 0.0 1 0.0 2 0.0 3 0.0 4 0.36851250334334257 5 0.0 
17 16 0.0  Commodities: 0 0.0 1 1.2810349464000501 2 0.0 3 0.0 4 0.0 5 0.0 
16 36 0.0  Commodities: 0 0.0 1 1.2810349392397713 2 0.0 3 0.0 4 1.8473759402092105 5 0.0 
36 16 0.0  Commodities: 0 0.16428036962736625 1 0.0 2 0.0 3 0.0 4 0.0 5 0.0 
17 18 0.0  Commodities: 0 0.0 1 0.0 2 0.0 3 0.0 4 0.0 5 0.0 
18 17 0.0  Commodities: 0 0.0 1 0.3327244557393463 2 0.0 3 0.0 4 0.0 5 0.0 
17 37 0.0  Commodities: 0 0.0 1 0.0 2 0.0 3 0.0 4 0.36851248925409735 5 0.0 
37 17 0.0  Commodities: 0 0.0 1 0.948310493806236 2 0.0 3 0.0 4 0.0 5 0.0 
18 19 0.0  Commodities: 0 0.0 1 0.0 2 0.0 3 0.0 4 0.0 5 0.0 
19 18 0.0  Commodities: 0 0.0 1 0.0 2 0.0 3 0.0 4 0.0 5 0.0 
18 38 0.0  Commodities: 0 0.0 1 0.0 2 0.0 3 0.0 4 0.0 5 0.0 
38 18 0.0  Commodities: 0 0.0 1 0.33272442747679387 2 0.0 3 0.0 4 0.0 5 0.0 
19 39 0.0  Commodities: 0 0.0 1 0.0 2 0.0 3 0.0 4 0.0 5 0.0 
39 19 0.0  Commodities: 0 0.0 1 0.0 2 0.0 3 0.0 4 0.0 5 0.0 
20 21 0.0  Commodities: 0 0.0 1 0.0 2 0.0 3 0.0 4 0.0 5 0.0 
21 20 0.0  Commodities: 0 0.0 1 0.0 2 0.0 3 16.836541243517463 4 0.0 5 0.0 
20 40 0.0  Commodities: 0 0.0 1 0.0 2 0.0 3 20.187063347788722 4 0.0 5 0.0 
40 20 0.0  Commodities: 0 0.0 1 0.0 2 0.0 3 0.0 4 0.0 5 0.0 
21 22 0.0  Commodities: 0 0.0 1 0.0 2 0.0 3 0.0 4 0.0 5 0.0 
22 21 3.7623251203407904  Commodities: 0 0.0 1 0.0 2 0.09805131321507077 3 5.670036003005506 4 0.0 5 0.0 
21 41 0.5785242295638682  Commodities: 0 0.0 1 0.0 2 5.1883826919375595 3 0.0 4 0.0 5 0.0 
41 21 0.0  Commodities: 0 0.0 1 0.0 2 0.0 3 0.0 4 0.0 5 0.0 
22 23 0.0  Commodities: 0 0.0 1 0.0 2 0.0 3 0.0 4 0.0 5 0.0 
23 22 9.768685073587221  Commodities: 0 0.0 1 0.0 2 0.0 3 5.5826001242183185 4 0.0 5 0.0 
22 42 0.0  Commodities: 0 0.0 1 0.0 2 0.5017935637451105 3 0.0 4 0.0 5 0.0 
42 22 0.0  Commodities: 0 0.0 1 0.0 2 0.0 3 0.0 4 0.0 5 0.0 
23 24 0.0  Commodities: 0 0.0 1 0.0 2 0.0 3 0.0 4 0.0 5 0.0 
24 23 0.0  Commodities: 0 0.0 1 0.0 2 13.690263224879866 3 28.752331813136934 4 0.0 5 0.7772543989506758 
23 43 0.0  Commodities: 0 0.0 1 0.0 2 13.690263224283354 3 9.826870493631375 4 0.0 5 0.0 
43 23 0.0  Commodities: 0 0.0 1 0.0 2 0.0 3 0.0 4 0.0 5 0.0 
24 25 4.064645590798804  Commodities: 0 0.0 1 0.0 2 0.0 3 0.0 4 0.0 5 5.220657215399041 
25 24 5.379905478063222  Commodities: 0 0.0 1 0.0 2 10.512601953756517 3 26.04594559158556 4 0.0 5 0.0 
24 44 0.0  Commodities: 0 0.0 1 0.0 2 0.0 3 0.0 4 0.0 5 0.0 
44 24 0.0  Commodities: 0 0.0 1 0.0 2 2.290871698780884 3 2.7063862211929544 4 0.0 5 25.87911156765971 
25 26 0.0  Commodities: 0 0.0 1 0.0 2 0.0 3 0.0 4 0.0 5 5.746894528136965 
26 25 0.0  Commodities: 0 4.374345916342436 1 0.0 2 22.44682292331387 3 33.9789661439908 4 0.0 5 0.0 
25 45 0.0  Commodities: 0 0.0 1 0.0 2 11.934220969326418 3 7.75938850306991 4 0.0 5 0.0 
45 25 9.30704468772548  Commodities: 0 0.0 1 0.0 2 0.0 3 0.0 4 0.0 5 0.5262373126667315 
26 27 0.0  Commodities: 0 0.0 1 0.0 2 0.0 3 0.0 4 0.0 5 5.746894507043259 
27 26 0.0  Commodities: 0 15.513761481958579 1 0.0 2 20.048741578777157 3 24.401144145903682 4 0.0 5 0.0 
26 46 0.0  Commodities: 0 0.0 1 0.0 2 0.0 3 0.0 4 0.0 5 0.0 
46 26 2.5733845889764027  Commodities: 0 13.504181658286686 1 0.0 2 2.398081345111797 3 9.801805512935776 4 0.0 5 0.0 
27 28 2.0475283383337413  Commodities: 0 0.0 1 0.0 2 0.0 3 0.0 4 0.0 5 32.654007277800794 
28 27 0.0  Commodities: 0 19.148451281436866 1 0.0 2 17.99932128045988 3 15.32259254034564 4 0.0 5 0.0 
27 47 0.0  Commodities: 0 0.0 1 0.0 2 0.0 3 0.0 4 0.0 5 0.0 
47 27 0.0  Commodities: 0 9.283644764238666 1 0.0 2 2.0494202971909603 3 9.376076821742744 4 0.0 5 28.2673890094354 
28 29 7.383107074593568  Commodities: 0 0.0 1 0.0 2 0.0 3 0.0 4 0.0 5 31.26819546290368 
29 28 5.1704587860578215  Commodities: 0 5.4101109014128195 1 0.0 2 8.04337473891567 3 0.0 4 0.0 5 0.0 
28 48 0.0  Commodities: 0 0.0 1 0.0 2 0.0 3 0.0 4 0.0 5 0.0 
48 28 0.42564090436285085  Commodities: 0 18.0376175518239 1 0.0 2 4.936095038164612 3 15.889053788146864 4 0.0 5 0.0 
29 30 0.0  Commodities: 0 0.0 1 0.0 2 0.0 3 0.0 4 0.0 5 0.0 
30 29 12.474067270272315  Commodities: 0 0.0 1 0.0 2 2.804951578763997 3 0.0 4 0.0 5 0.0 
29 49 0.0  Commodities: 0 0.0 1 0.0 2 0.0 3 0.0 4 0.0 5 0.0 
49 29 0.0  Commodities: 0 5.410110900936548 1 0.0 2 2.3916462009576596 3 0.0 4 0.0 5 40.327262116039456 
30 31 0.0  Commodities: 0 0.0 1 0.0 2 17.24555212100359 3 0.0 4 0.0 5 0.0 
31 30 0.0  Commodities: 0 0.0 1 0.0 2 0.0 3 0.0 4 0.0 5 0.0 
30 50 5.285909075503582  Commodities: 0 0.0 1 0.0 2 10.40582826788983 3 0.0 4 0.0 5 0.0 
50 30 0.0  Commodities: 0 0.0 1 0.0 2 0.0 3 0.0 4 0.0 5 0.0 
31 32 0.0  Commodities: 0 0.0 1 0.0 2 0.0 3 0.0 4 0.0 5 0.0 
32 31 11.086906578063179  Commodities: 0 4.94288130782066 1 0.0 2 0.0 3 0.0 4 0.0 5 0.0 
31 51 0.9624139431066396  Commodities: 0 0.0 1 0.0 2 9.345625851352443 3 0.0 4 0.0 5 0.0 
51 31 0.0  Commodities: 0 0.0 1 0.0 2 0.0 3 0.0 4 0.0 5 0.0 
32 33 0.0  Commodities: 0 0.0 1 0.0 2 0.0 3 0.0 4 0.0 5 0.0 
33 32 0.0  Commodities: 0 49.866395086338066 1 0.0 2 0.0 3 0.0 4 0.0 5 0.0 
32 52 0.0  Commodities: 0 30.107983907852695 1 0.0 2 0.0 3 0.0 4 0.0 5 0.0 
52 32 0.0  Commodities: 0 0.0 1 0.0 2 0.0 3 0.0 4 0.0 5 0.0 
33 34 0.0  Commodities: 0 0.0 1 0.0 2 0.0 3 0.0 4 2.7392541192398507 5 0.0 
34 33 5.36765560782186  Commodities: 0 28.238451056403477 1 0.0 2 0.0 3 0.0 4 0.0 5 0.0 
33 53 0.0  Commodities: 0 0.0 1 0.0 2 0.0 3 0.0 4 4.3213796244013265 5 0.0 
53 33 0.0  Commodities: 0 23.881922428906755 1 0.0 2 0.0 3 0.0 4 0.0 5 0.0 
34 35 0.0  Commodities: 0 0.06581026437776054 1 0.0 2 0.0 3 0.0 4 0.0 5 0.0 
35 34 0.0  Commodities: 0 0.0 1 6.843471883579912 2 0.0 3 0.0 4 14.05729698056721 5 0.0 
34 54 0.0  Commodities: 0 0.0 1 6.843471884660443 2 0.0 3 0.0 4 62.84605886952867 5 0.0 
54 34 2.5190800543735463  Commodities: 0 38.8847972454432 1 0.0 2 0.0 3 0.0 4 0.0 5 0.0 
35 36 0.0  Commodities: 0 0.0 1 0.0 2 0.0 3 0.0 4 0.0 5 0.0 
36 35 0.0  Commodities: 0 0.0 1 53.28496449730933 2 0.0 3 0.0 4 0.0 5 0.0 
35 55 9.343512941416556  Commodities: 0 0.0 1 46.44149262089331 2 0.0 3 0.0 4 1.616673066675404 5 0.0 
55 35 0.0  Commodities: 0 3.9414289936388047 1 0.0 2 0.0 3 0.0 4 0.0 5 0.0 
36 37 0.0  Commodities: 0 0.0 1 0.0 2 0.0 3 0.0 4 0.0 5 0.0 
37 36 4.203442585104682  Commodities: 0 0.0 1 14.79157944405029 2 0.0 3 0.0 4 0.0 5 0.0 
36 56 0.0  Commodities: 0 0.0 1 0.0 2 0.0 3 0.0 4 1.8473759367541835 5 0.0 
56 36 0.0  Commodities: 0 0.16428036128871135 1 37.21235011772867 2 0.0 3 0.0 4 0.0 5 0.0 
37 38 0.0  Commodities: 0 0.0 1 0.0 2 0.0 3 0.0 4 0.0 5 0.0 
38 37 1.3322599681774534  Commodities: 0 0.0 1 0.4533605858901331 2 0.0 3 0.0 4 0.0 5 0.0 
37 57 0.0  Commodities: 0 0.0 1 0.0 2 0.0 3 0.0 4 0.36851247656294506 5 0.0 
57 37 2.9555998835522956  Commodities: 0 0.0 1 15.286529352931511 2 0.0 3 0.0 4 0.0 5 0.0 
38 39 0.0  Commodities: 0 0.0 1 0.0 2 0.0 3 0.0 4 0.0 5 0.0 
39 38 0.0  Commodities: 0 0.0 1 0.0 2 0.0 3 0.0 4 0.0 5 0.0 
38 58 0.0  Commodities: 0 0.0 1 0.0 2 0.0 3 0.0 4 0.0 5 0.0 
58 38 0.0  Commodities: 0 0.0 1 0.7860850063890574 2 0.0 3 0.0 4 0.0 5 0.0 
39 59 0.0  Commodities: 0 0.0 1 0.0 2 0.0 3 0.0 4 0.0 5 0.0 
59 39 0.0  Commodities: 0 0.0 1 0.0 2 0.0 3 0.0 4 0.0 5 0.0 
40 41 0.0  Commodities: 0 0.0 1 0.0 2 0.0 3 0.0 4 0.0 5 0.0 
41 40 3.540899493367533  Commodities: 0 0.0 1 0.0 2 0.0 3 39.690616746807414 4 0.0 5 0.0 
40 60 0.0  Commodities: 0 0.0 1 0.0 2 0.0 3 0.0 4 0.0 5 0.0 
60 40 0.0  Commodities: 0 0.0 1 0.0 2 0.0 3 9.122319905995173 4 0.0 5 0.0 
41 42 0.0  Commodities: 0 0.0 1 0.0 2 0.0 3 0.0 4 0.0 5 0.0 
42 41 4.189325758297173  Commodities: 0 0.0 1 0.0 2 28.80821970241025 3 38.539873799453474 4 0.0 5 0.0 
41 61 0.0  Commodities: 0 0.0 1 0.0 2 0.0 3 0.0 4 0.0 5 0.0 
61 41 0.0  Commodities: 0 0.0 1 0.0 2 3.003397607862401 3 1.1507429491043533 4 0.0 5 0.0 
42 43 0.0  Commodities: 0 0.0 1 0.0 2 0.0 3 0.0 4 0.0 5 0.0 
43 42 0.0  Commodities: 0 0.0 1 0.0 2 29.066823074160087 3 39.54629581908655 4 0.0 5 0.0 
42 62 0.0  Commodities: 0 0.0 1 0.0 2 0.7603969350774321 3 1.006422019181871 4 0.0 5 0.0 
62 42 0.0  Commodities: 0 0.0 1 0.0 2 0.0 3 0.0 4 0.0 5 0.0 
43 44 0.0  Commodities: 0 0.0 1 0.0 2 0.0 3 0.0 4 0.0 5 0.0 
44 43 10.379098373278111  Commodities: 0 0.0 1 0.0 2 7.814199843413465 3 22.666214294943813 4 0.0 5 0.0 
43 63 0.0  Commodities: 0 0.0 1 0.0 2 0.0 3 0.0 4 0.0 5 0.0 
63 43 0.0  Commodities: 0 0.0 1 0.0 2 7.562360007469477 3 7.053211031519018 4 0.0 5 0.0 
44 45 3.4348703736024646  Commodities: 0 0.0 1 0.0 2 0.0 3 0.0 4 0.0 5 65.19257327534035 
45 44 0.0  Commodities: 0 0.0 1 0.0 2 17.420810383236216 3 36.915922778748445 4 0.0 5 0.0 
44 64 0.0  Commodities: 0 0.0 1 0.0 2 7.315738844920954 3 11.543322266483875 4 0.0 5 3.928315160983878 
64 44 0.0  Commodities: 0 0.0 1 0.0 2 0.0 3 0.0 4 0.0 5 0.0 
45 46 0.0  Commodities: 0 0.0 1 0.0 2 0.0 3 0.0 4 0.0 5 64.66633596222434 
46 45 7.631958936784827  Commodities: 0 0.0 1 0.0 2 3.012227395480618 3 25.771365850545244 4 0.0 5 0.0 
45 65 0.0  Commodities: 0 0.0 1 0.0 2 0.0 3 0.0 4 0.0 5 0.0 
65 45 5.855985610561717  Commodities: 0 0.0 1 0.0 2 2.47436201864737 3 3.385168425351484 4 0.0 5 0.0 
46 47 0.0  Commodities: 0 0.0 1 0.0 2 0.0 3 0.0 4 0.0 5 62.70428449209075 
47 46 0.0  Commodities: 0 13.504181655469122 1 0.0 2 9.2497245322611 3 41.88198310360958 4 0.0 5 0.0 
46 66 0.0  Commodities: 0 0.0 1 0.0 2 3.8394157950727514 3 6.308811743511371 4 0.0 5 1.9620514734803343 
66 46 0.0  Commodities: 0 0.0 1 0.0 2 0.0 3 0.0 4 0.0 5 0.0 
47 48 0.0  Commodities: 0 0.0 1 0.0 2 0.0 3 0.0 4 0.0 5 24.88152108391302 
48 47 0.0  Commodities: 0 2.5645030834914846 1 0.0 2 6.379813920482052 3 2.4080689397617445 4 0.0 5 0.0 
47 67 0.0  Commodities: 0 0.0 1 0.0 2 0.0 3 0.0 4 0.0 5 9.555374399357904 
67 47 2.1386498520360675  Commodities: 0 20.223323335752745 1 0.0 2 4.919330908486564 3 48.84999098511937 4 0.0 5 0.0 
48 49 13.631765274514109  Commodities: 0 0.0 1 0.0 2 0.0 3 0.0 4 0.0 5 24.881521090132985 
49 48 0.0  Commodities: 0 13.22693253109772 1 0.0 2 9.735301024568974 3 0.0 4 0.0 5 0.0 
48 68 0.0  Commodities: 0 0.0 1 0.0 2 0.0 3 0.0 4 0.0 5 0.0 
68 48 0.0  Commodities: 0 7.375188103877948 1 0.0 2 1.5806079337344765 3 18.297122726532052 4 0.0 5 0.0 
49 50 0.0  Commodities: 0 0.0 1 0.0 2 0.0 3 0.0 4 0.0 5 0.0 
50 49 0.0  Commodities: 0 18.637043431026488 1 0.0 2 12.126947224607939 3 0.0 4 0.0 5 0.0 
49 69 0.0  Commodities: 0 0.0 1 0.0 2 0.0 3 0.0 4 0.0 5 0.0 
69 49 2.4506823884175475  Commodities: 0 0.0 1 0.0 2 0.0 3 0.0 4 0.0 5 15.445741025998457 
50 51 0.0  Commodities: 0 0.0 1 0.0 2 0.0 3 0.0 4 0.0 5 0.0 
51 50 1.80586195608835  Commodities: 0 18.637043020218123 1 0.0 2 1.7211185403749232 3 0.0 4 0.0 5 0.0 
50 70 0.0  Commodities: 0 0.0 1 0.0 2 0.0 3 0.0 4 0.0 5 0.0 
70 50 0.0  Commodities: 0 0.0 1 0.0 2 0.0 3 0.0 4 0.0 5 0.0 
51 52 0.0  Commodities: 0 0.0 1 0.0 2 0.0 3 0.0 4 0.0 5 0.0 
52 51 0.0  Commodities: 0 21.675450891985253 1 0.0 2 0.0 3 0.0 4 0.0 5 0.0 
51 71 0.0  Commodities: 0 3.038407868269515 1 0.0 2 7.6245073138985315 3 0.0 4 0.0 5 0.0 
71 51 0.0  Commodities: 0 0.0 1 0.0 2 0.0 3 0.0 4 0.0 5 0.0 
52 53 0.0  Commodities: 0 0.0 1 0.0 2 0.0 3 0.0 4 0.0 5 0.0 
53 52 6.507022119864644  Commodities: 0 6.531065180276187 1 0.0 2 0.0 3 0.0 4 0.0 5 0.0 
52 72 0.6381672502270703  Commodities: 0 14.963598195546128 1 0.0 2 0.0 3 0.0 4 0.0 5 0.0 
72 52 0.0  Commodities: 0 0.0 1 0.0 2 0.0 3 0.0 4 0.0 5 0.0 
53 54 0.0  Commodities: 0 0.0 1 0.0 2 0.0 3 0.0 4 0.0 5 0.0 
54 53 5.950075357902904  Commodities: 0 30.412987608011626 1 0.0 2 0.0 3 0.0 4 0.0 5 0.0 
53 73 0.0  Commodities: 0 0.0 1 0.0 2 0.0 3 0.0 4 4.321379618663528 5 0.0 
73 53 0.0  Commodities: 0 0.0 1 0.0 2 0.0 3 0.0 4 0.0 5 0.0 
54 55 0.0  Commodities: 0 5.540935432087437 1 11.896467615047898 2 0.0 3 0.0 4 1.0961759311793844 5 0.0 
55 54 0.0  Commodities: 0 0.0 1 0.0 2 0.0 3 0.0 4 0.0 5 0.0 
54 74 3.910007037503135  Commodities: 0 8.161279718009416 1 0.0 2 0.0 3 0.0 4 61.74988294716263 5 0.0 
74 54 13.25013296069281  Commodities: 0 0.0 1 5.052995729092242 2 0.0 3 0.0 4 0.0 5 0.0 
55 56 0.0  Commodities: 0 0.16428036189074247 1 0.0 2 0.0 3 0.0 4 0.0 5 0.0 
56 55 16.551775981205225  Commodities: 0 0.0 1 0.5470914495327766 2 0.0 3 0.0 4 0.0 5 0.0 
55 75 0.0  Commodities: 0 1.4352260760572007 1 0.0 2 0.0 3 0.0 4 2.712848996644071 5 0.0 
75 55 19.179237398575832  Commodities: 0 0.0 1 14.114948317239065 2 0.0 3 0.0 4 0.0 5 0.0 
56 57 0.0  Commodities: 0 0.0 1 0.0 2 0.0 3 0.0 4 0.0 5 0.0 
57 56 10.673096376388742  Commodities: 0 0.0 1 36.384565716269854 2 0.0 3 0.0 4 0.0 5 0.0 
56 76 0.8359055863864029  Commodities: 0 0.0 1 0.0 2 0.0 3 0.0 4 1.8473759328967008 5 0.0 
76 56 4.622527875600014  Commodities: 0 0.0 1 1.3748758503301002 2 0.0 3 0.0 4 0.0 5 0.0 
57 58 0.0  Commodities: 0 0.0 1 0.7860849085125915 2 0.0 3 0.0 4 0.0 5 0.0 
58 57 0.0  Commodities: 0 0.0 1 0.0 2 0.0 3 0.0 4 0.0 5 0.0 
57 77 0.0  Commodities: 0 0.0 1 20.542820031482243 2 0.0 3 0.0 4 0.36851248567104455 5 0.0 
77 57 0.0  Commodities: 0 0.0 1 0.0 2 0.0 3 0.0 4 0.0 5 0.0 
58 59 0.0  Commodities: 0 0.0 1 0.0 2 0.0 3 0.0 4 0.0 5 0.0 
59 58 0.0  Commodities: 0 0.0 1 0.0 2 0.0 3 0.0 4 0.0 5 0.0 
58 78 0.0  Commodities: 0 0.0 1 0.0 2 0.0 3 0.0 4 0.0 5 0.0 
78 58 0.0  Commodities: 0 0.0 1 0.0 2 0.0 3 0.0 4 0.0 5 0.0 
59 79 0.0  Commodities: 0 0.0 1 0.0 2 0.0 3 0.0 4 0.0 5 0.0 
79 59 0.0  Commodities: 0 0.0 1 0.0 2 0.0 3 0.0 4 0.0 5 0.0 
60 61 0.0  Commodities: 0 0.0 1 0.0 2 0.0 3 0.0 4 0.0 5 0.0 
61 60 5.468543186490194  Commodities: 0 0.0 1 0.0 2 0.0 3 9.122319907426132 4 0.0 5 0.0 
61 62 0.0  Commodities: 0 0.0 1 0.0 2 0.0 3 0.0 4 0.0 5 0.0 
62 61 0.0  Commodities: 0 0.0 1 0.0 2 3.0033976073194086 3 10.27306285440316 4 0.0 5 0.0 
62 63 0.0  Commodities: 0 0.0 1 0.0 2 0.0 3 0.0 4 0.0 5 0.0 
63 62 1.9659492885340626  Commodities: 0 0.0 1 0.0 2 2.2430006723353593 3 9.266640835300166 4 0.0 5 0.0 
63 64 0.0  Commodities: 0 0.0 1 0.0 2 0.0 3 0.0 4 0.0 5 0.0 
64 63 6.000860448259687  Commodities: 0 0.0 1 0.0 2 9.80536067755469 3 16.319851864577394 4 0.0 5 0.0 
64 65 0.0  Commodities: 0 0.0 1 0.0 2 0.0 3 0.0 4 0.0 5 3.928315157744246 
65 64 12.794749498032388  Commodities: 0 0.0 1 0.0 2 2.4896218355185784 3 4.776529600974328 4 0.0 5 0.0 
65 66 0.0  Commodities: 0 0.0 1 0.0 2 0.0 3 0.0 4 0.0 5 3.928315158332208 
66 65 0.0  Commodities: 0 0.0 1 0.0 2 4.963983854066879 3 8.161698026227853 4 0.0 5 0.0 
66 67 7.181941640855733  Commodities: 0 0.0 1 0.0 2 0.0 3 0.0 4 0.0 5 5.890366629066213 
67 66 7.590203535556327  Commodities: 0 0.0 1 0.0 2 1.1245680616528433 3 1.8528862853663681 4 0.0 5 0.0 
67 68 0.0  Commodities: 0 0.0 1 0.0 2 0.0 3 0.0 4 0.0 5 15.445741028187118 
68 67 0.0  Commodities: 0 20.22332333949865 1 0.0 2 6.043898969900146 3 50.70287727025445 4 0.0 5 0.0 
68 69 0.0  Commodities: 0 0.0 1 0.0 2 0.0 3 0.0 4 0.0 5 15.445741030232343 
69 68 0.0  Commodities: 0 27.598511444976808 1 0.0 2 7.6245069052827334 3 0.0 4 0.0 5 0.0 
69 70 0.0  Commodities: 0 0.0 1 0.0 2 0.0 3 0.0 4 0.0 5 0.0 
70 69 0.0  Commodities: 0 27.598511443865114 1 0.0 2 7.624506904014217 3 0.0 4 0.0 5 0.0 
70 71 0.0  Commodities: 0 0.0 1 0.0 2 0.0 3 0.0 4 0.0 5 0.0 
71 70 0.0  Commodities: 0 27.598511856431745 1 0.0 2 7.624507322649864 3 0.0 4 0.0 5 0.0 
71 72 0.0  Commodities: 0 0.0 1 0.0 2 0.0 3 0.0 4 0.0 5 0.0 
72 71 0.0  Commodities: 0 24.560103987638076 1 0.0 2 0.0 3 0.0 4 0.0 5 0.0 
72 73 0.0  Commodities: 0 0.0 1 0.0 2 0.0 3 0.0 4 0.0 5 0.0 
73 72 2.454612115826137  Commodities: 0 9.59650579157971 1 0.0 2 0.0 3 0.0 4 0.0 5 0.0 
73 74 4.816258259655491  Commodities: 0 0.0 1 0.0 2 0.0 3 0.0 4 4.321379619093844 5 0.0 
74 73 8.642830586001025  Commodities: 0 9.596505792334565 1 0.0 2 0.0 3 0.0 4 0.0 5 0.0 
74 75 0.0  Commodities: 0 0.0 1 0.0 2 0.0 3 0.0 4 0.0 5 0.0 
75 74 0.0  Commodities: 0 1.4352260762844087 1 5.0529957315157645 2 0.0 3 0.0 4 4.928737436475842 5 0.0 
75 76 0.0  Commodities: 0 0.0 1 0.0 2 0.0 3 0.0 4 0.0 5 0.0 
76 75 1.2746956229158197  Commodities: 0 0.0 1 19.167944046759064 2 0.0 3 0.0 4 2.215888438765718 5 0.0 
76 77 0.0  Commodities: 0 0.0 1 0.0 2 0.0 3 0.0 4 0.0 5 0.0 
77 76 0.0  Commodities: 0 0.0 1 20.542819897214514 2 0.0 3 0.0 4 0.36851250745399317 5 0.0 
77 78 0.0  Commodities: 0 0.0 1 0.0 2 0.0 3 0.0 4 0.0 5 0.0 
78 77 0.0  Commodities: 0 0.0 1 0.0 2 0.0 3 0.0 4 0.0 5 0.0 
78 79 0.0  Commodities: 0 0.0 1 0.0 2 0.0 3 0.0 4 0.0 5 0.0 
79 78 0.0  Commodities: 0 0.0 1 0.0 2 0.0 3 0.0 4 0.0 5 0.0 
 Execution Time:  218243 ms
 true Commodity ID : 0 KP : 653.6489485154775 LP : 653.6489485154775
 true Commodity ID : 1 KP : 123.47919750256106 LP : 123.47919750256106
 true Commodity ID : 2 KP : 713.7106364350462 LP : 713.7106364350462
 true Commodity ID : 3 KP : 674.2646324772169 LP : 674.2646324772169
 true Commodity ID : 4 KP : 147.07389143177738 LP : 147.07389143177738
 true Commodity ID : 5 KP : 232.42626368864762 LP : 232.42626368864762

Number of Toll Stations: 69
SocialOptimum : 3719416.124523903
