0 1 0.0  Commodities: 0 0.0 1 0.0 2 0.0 3 0.0 4 0.0 
1 0 0.0  Commodities: 0 0.0 1 0.0 2 0.0 3 0.0 4 0.0 
0 24 0.0  Commodities: 0 0.0 1 0.0 2 0.0 3 0.0 4 0.0 
24 0 0.0  Commodities: 0 0.0 1 0.0 2 0.0 3 0.0 4 0.0 
1 2 0.0  Commodities: 0 0.0 1 0.0 2 0.0 3 0.0 4 0.0 
2 1 0.0  Commodities: 0 0.0 1 0.0 2 0.0 3 0.0 4 0.0 
1 25 0.0  Commodities: 0 0.0 1 0.0 2 0.0 3 0.0 4 0.0 
25 1 0.0  Commodities: 0 0.0 1 0.0 2 0.0 3 0.0 4 0.0 
2 3 0.0  Commodities: 0 0.0 1 0.0 2 0.0 3 0.0 4 0.0 
3 2 0.0  Commodities: 0 0.0 1 0.0 2 0.0 3 0.0 4 0.0 
2 26 0.0  Commodities: 0 0.0 1 0.0 2 0.0 3 0.0 4 0.0 
26 2 0.0  Commodities: 0 0.0 1 0.0 2 0.0 3 0.0 4 0.0 
3 4 0.0  Commodities: 0 0.0 1 0.0 2 0.0 3 0.0 4 0.0 
4 3 0.0  Commodities: 0 0.0 1 0.0 2 0.0 3 0.0 4 0.0 
3 27 0.0  Commodities: 0 0.0 1 0.0 2 0.0 3 0.0 4 0.0 
27 3 0.0  Commodities: 0 0.0 1 0.0 2 0.0 3 0.0 4 0.0 
4 5 0.0  Commodities: 0 0.0 1 0.0 2 0.0 3 0.0 4 0.0 
5 4 0.0  Commodities: 0 0.0 1 0.0 2 0.0 3 0.8917687079908923 4 0.0 
4 28 0.0  Commodities: 0 0.0 1 0.0 2 0.0 3 0.891768705887493 4 0.0 
28 4 0.0  Commodities: 0 0.0 1 0.0 2 0.0 3 0.0 4 0.0 
5 6 0.0  Commodities: 0 0.0 1 0.0 2 0.0 3 0.0 4 0.0 
6 5 0.20172433707327286  Commodities: 0 0.0 1 0.0 2 0.0 3 2.54646590389451 4 0.0 
5 29 5.636590450729074  Commodities: 0 0.0 1 0.0 2 0.0 3 1.654697197275903 4 0.0 
29 5 0.0  Commodities: 0 0.0 1 0.0 2 0.0 3 0.0 4 0.0 
6 7 0.0  Commodities: 0 0.0 1 0.0 2 0.0 3 0.0 4 0.0 
7 6 0.3304469331502844  Commodities: 0 0.0 1 0.0 2 0.0 3 2.5464660136577053 4 0.0 
6 30 0.0  Commodities: 0 0.0 1 0.0 2 0.0 3 0.0 4 0.0 
30 6 0.0  Commodities: 0 0.0 1 0.0 2 0.0 3 0.0 4 0.0 
7 8 0.0  Commodities: 0 0.0 1 0.0 2 0.0 3 0.0 4 0.0 
8 7 0.08206944596720422  Commodities: 0 0.0 1 0.0 2 0.0 3 21.22401867045904 4 0.0 
7 31 0.0  Commodities: 0 0.0 1 0.0 2 0.0 3 18.677552657054203 4 0.0 
31 7 0.0  Commodities: 0 0.0 1 0.0 2 0.0 3 0.0 4 0.0 
8 9 0.0  Commodities: 0 6.8301425098885975 1 0.0 2 0.0 3 0.0 4 0.0 
9 8 9.566863584641055  Commodities: 0 0.0 1 0.0 2 0.0 3 9.866940605851747 4 0.0 
8 32 0.0  Commodities: 0 0.0 1 0.0 2 0.0 3 0.0 4 0.0 
32 8 4.4872174918837855  Commodities: 0 6.8301425101845785 1 0.0 2 0.0 3 11.35707806497711 4 0.0 
9 10 3.965614674587714  Commodities: 0 8.772859806813203 1 0.0 2 0.0 3 0.0 4 0.0 
10 9 0.0  Commodities: 0 0.0 1 0.0 2 0.0 3 19.958457347879552 4 26.750433860971526 
9 33 0.0  Commodities: 0 0.0 1 0.0 2 0.0 3 10.09151674241873 4 26.750433855182504 
33 9 0.0  Commodities: 0 1.9427172973407913 1 0.0 2 0.0 3 0.0 4 0.0 
10 11 0.0  Commodities: 0 8.77285980758474 1 0.0 2 0.0 3 0.0 4 0.0 
11 10 0.0  Commodities: 0 0.0 1 0.0 2 0.0 3 14.356320939658596 4 1.2522985717506405 
10 34 0.0  Commodities: 0 0.0 1 0.0 2 0.0 3 0.0 4 0.0 
34 10 0.0  Commodities: 0 0.0 1 0.0 2 0.0 3 5.602136408703426 4 25.498135289712632 
11 12 10.049656121865176  Commodities: 0 4.6673505242940205 1 0.0 2 0.0 3 0.0 4 0.0 
12 11 11.181937203143875  Commodities: 0 0.0 1 0.0 2 0.0 3 13.934163384869613 4 0.0 
11 35 0.0  Commodities: 0 4.105509284486309 1 0.0 2 0.0 3 0.0 4 0.0 
35 11 0.0  Commodities: 0 0.0 1 0.0 2 0.0 3 0.422157556634479 4 1.2522985721965676 
12 13 0.0  Commodities: 0 4.667350523847544 1 0.0 2 0.0 3 0.0 4 0.0 
13 12 1.3747046051980547  Commodities: 0 0.0 1 0.0 2 64.82236603798826 3 7.072819627919473 4 0.0 
12 36 0.0  Commodities: 0 0.0 1 0.0 2 0.0 3 0.0 4 0.0 
36 12 0.0  Commodities: 0 0.0 1 0.0 2 16.17763396210071 3 6.8613437572411184 4 0.0 
13 14 0.0  Commodities: 0 11.037327813609283 1 0.0 2 0.0 3 0.0 4 0.0 
14 13 0.0  Commodities: 0 0.0 1 0.0 2 65.7369940634369 3 7.97295821838503 4 0.0 
13 37 0.0  Commodities: 0 0.0 1 0.0 2 0.9146280256543354 3 0.900138590650315 4 0.0 
37 13 0.0  Commodities: 0 6.36997728990107 1 0.0 2 0.0 3 0.0 4 0.0 
14 15 0.2915753779553327  Commodities: 0 11.037327812092162 1 0.0 2 0.0 3 0.0 4 0.0 
15 14 12.539772737993502  Commodities: 0 0.0 1 0.0 2 56.769601011220274 3 0.8170765817727667 4 0.0 
14 38 0.0  Commodities: 0 0.0 1 0.0 2 0.0 3 0.0 4 0.0 
38 14 0.0  Commodities: 0 0.0 1 0.0 2 8.967393051735026 3 7.15588163611969 4 0.0 
15 16 5.98490703538711  Commodities: 0 14.981068272727502 1 0.0 2 0.0 3 0.0 4 0.0 
16 15 0.0  Commodities: 0 0.0 1 0.0 2 0.0 3 1.6789289230698567 4 0.0 
15 39 3.1877093640056557  Commodities: 0 0.0 1 0.0 2 24.230398989269336 3 0.8618523417409986 4 0.0 
39 15 0.0  Commodities: 0 3.943740461064698 1 0.0 2 0.0 3 0.0 4 0.0 
16 17 4.45638764298009  Commodities: 0 11.905810643098919 1 79.8002823237201 2 0.0 3 0.0 4 0.0 
17 16 0.0  Commodities: 0 0.0 1 0.0 2 0.0 3 1.6789289217013885 4 0.0 
16 40 0.0  Commodities: 0 3.075257629787997 1 6.199717676376859 2 0.0 3 0.0 4 0.0 
40 16 0.0  Commodities: 0 0.0 1 0.0 2 0.0 3 0.0 4 0.0 
17 18 0.0  Commodities: 0 7.591748716217414 1 65.0210487744034 2 0.0 3 0.0 4 0.0 
18 17 0.0  Commodities: 0 0.0 1 0.0 2 0.0 3 13.353083741071194 4 0.0 
17 41 0.0  Commodities: 0 4.314061927966183 1 14.779233550350607 2 0.0 3 11.674154819924178 4 0.0 
41 17 0.0  Commodities: 0 0.0 1 0.0 2 0.0 3 0.0 4 0.0 
18 19 0.0  Commodities: 0 7.591748714923762 1 65.02104877292162 2 0.0 3 0.0 4 0.0 
19 18 0.0  Commodities: 0 0.0 1 0.0 2 0.0 3 11.84138219132057 4 0.0 
18 42 0.0  Commodities: 0 0.0 1 0.0 2 0.0 3 0.0 4 0.0 
42 18 0.0  Commodities: 0 0.0 1 0.0 2 0.0 3 1.511701550910446 4 0.0 
19 20 2.3125869295536177  Commodities: 0 3.9866442279902694 1 60.88359395145374 2 0.0 3 0.0 4 0.0 
20 19 3.5538322896988177  Commodities: 0 0.0 1 0.0 2 0.0 3 8.645036968929556 4 0.0 
19 43 0.0  Commodities: 0 3.605104486691966 1 4.13745482124089 2 0.0 3 0.0 4 0.0 
43 19 0.6613366547701389  Commodities: 0 0.0 1 0.0 2 0.0 3 3.1963452221518582 4 0.0 
20 21 0.0  Commodities: 0 8.292373294775917 1 84.31973820327451 2 0.0 3 0.0 4 0.0 
21 20 0.0  Commodities: 0 0.0 1 0.0 2 0.0 3 8.645037037361073 4 0.0 
20 44 0.0  Commodities: 0 0.0 1 0.0 2 0.0 3 0.0 4 0.0 
44 20 0.0  Commodities: 0 4.3057290676300095 1 23.43614425265925 2 0.0 3 0.0 4 0.0 
21 22 7.046781496637486  Commodities: 0 0.0 1 82.5634878018637 2 0.0 3 0.0 4 0.0 
22 21 0.0  Commodities: 0 0.0 1 0.0 2 0.0 3 3.54712297343635 4 0.0 
21 45 0.0  Commodities: 0 8.292373292684601 1 1.7562504010373363 2 0.0 3 0.0 4 0.0 
45 21 0.0  Commodities: 0 0.0 1 0.0 2 0.0 3 5.0979140634603315 4 0.0 
22 23 0.0  Commodities: 0 0.0 1 0.0 2 0.0 3 0.0 4 0.0 
23 22 0.0  Commodities: 0 0.0 1 0.0 2 0.0 3 0.42135558485276275 4 0.0 
22 46 0.0  Commodities: 0 0.0 1 0.0 2 0.0 3 0.0 4 0.0 
46 22 7.502541679324537  Commodities: 0 0.0 1 3.436512198138643 2 0.0 3 3.12576739025751 4 0.0 
23 47 0.0  Commodities: 0 0.0 1 0.0 2 0.0 3 0.0 4 0.0 
47 23 0.0  Commodities: 0 0.0 1 0.0 2 0.0 3 0.4213555843722549 4 0.0 
24 25 0.0  Commodities: 0 0.0 1 0.0 2 0.0 3 0.0 4 0.0 
25 24 0.0  Commodities: 0 0.0 1 0.0 2 0.0 3 0.0 4 0.0 
24 48 0.0  Commodities: 0 0.0 1 0.0 2 0.0 3 0.0 4 0.0 
48 24 0.0  Commodities: 0 0.0 1 0.0 2 0.0 3 0.0 4 0.0 
25 26 0.0  Commodities: 0 0.0 1 0.0 2 0.0 3 0.0 4 0.0 
26 25 0.0  Commodities: 0 0.0 1 0.0 2 0.0 3 0.0 4 0.0 
25 49 0.0  Commodities: 0 0.0 1 0.0 2 0.0 3 0.0 4 0.0 
49 25 0.0  Commodities: 0 0.0 1 0.0 2 0.0 3 0.0 4 0.0 
26 27 0.0  Commodities: 0 0.0 1 0.0 2 0.0 3 0.0 4 0.0 
27 26 0.0  Commodities: 0 0.0 1 0.0 2 0.0 3 0.0 4 0.0 
26 50 0.0  Commodities: 0 0.0 1 0.0 2 0.0 3 0.0 4 0.0 
50 26 0.0  Commodities: 0 0.0 1 0.0 2 0.0 3 0.0 4 0.0 
27 28 0.0  Commodities: 0 0.0 1 0.0 2 0.0 3 0.0 4 0.0 
28 27 0.0  Commodities: 0 0.0 1 0.0 2 0.0 3 0.0 4 0.0 
27 51 0.0  Commodities: 0 0.0 1 0.0 2 0.0 3 0.0 4 0.0 
51 27 0.0  Commodities: 0 0.0 1 0.0 2 0.0 3 0.0 4 0.0 
28 29 0.0  Commodities: 0 0.0 1 0.0 2 0.0 3 3.652731423786828 4 0.0 
29 28 0.0  Commodities: 0 0.0 1 0.0 2 0.0 3 0.0 4 0.0 
28 52 0.0  Commodities: 0 0.0 1 0.0 2 0.0 3 0.0 4 0.0 
52 28 0.0  Commodities: 0 0.0 1 0.0 2 0.0 3 2.760962704848237 4 0.0 
29 30 0.0  Commodities: 0 0.0 1 0.0 2 0.0 3 0.0 4 0.0 
30 29 5.649707194118321  Commodities: 0 0.0 1 0.0 2 0.0 3 30.04726125021683 4 0.0 
29 53 0.0  Commodities: 0 0.0 1 0.0 2 0.0 3 0.0 4 0.0 
53 29 6.853152538734179  Commodities: 0 0.0 1 0.0 2 0.0 3 6.645310133149332 4 0.0 
30 31 0.0  Commodities: 0 0.0 1 0.0 2 0.0 3 0.0 4 0.0 
31 30 0.0  Commodities: 0 0.0 1 0.0 2 0.0 3 28.149431169696978 4 0.0 
30 54 0.0  Commodities: 0 0.0 1 0.0 2 0.0 3 0.0 4 0.0 
54 30 0.0  Commodities: 0 0.0 1 0.0 2 0.0 3 1.8978299716802156 4 0.0 
31 32 0.0  Commodities: 0 0.0 1 0.0 2 0.0 3 0.0 4 0.0 
32 31 10.492026183986155  Commodities: 0 0.0 1 0.0 2 0.0 3 5.394262113309991 4 0.0 
31 55 0.0  Commodities: 0 0.0 1 0.0 2 0.0 3 0.0 4 0.0 
55 31 0.0  Commodities: 0 0.0 1 0.0 2 0.0 3 4.077616400835048 4 0.0 
32 33 0.0  Commodities: 0 14.243818925209762 1 0.0 2 0.0 3 0.0 4 0.0 
33 32 0.0  Commodities: 0 0.0 1 0.0 2 0.0 3 21.242047351889006 4 28.999999982818967 
32 56 0.0  Commodities: 0 4.926038567571123 1 0.0 2 0.0 3 4.4907071748669365 4 28.999999975780078 
56 32 0.0  Commodities: 0 0.0 1 0.0 2 0.0 3 0.0 4 0.0 
33 34 2.689115012132344  Commodities: 0 7.516107074698207 1 0.0 2 0.0 3 0.0 4 0.0 
34 33 2.6655674145450448  Commodities: 0 0.0 1 0.0 2 0.0 3 1.5707310442427875 4 2.249566115013785 
33 57 3.8336044891794288  Commodities: 0 4.784994553007098 1 0.0 2 0.0 3 0.0 4 0.0 
57 33 2.254540209597849  Commodities: 0 0.0 1 0.0 2 0.0 3 9.579799565047766 4 0.0 
34 35 5.2247621644772195  Commodities: 0 7.516106802520447 1 0.0 2 0.0 3 0.0 4 0.0 
35 34 2.7679716648029498  Commodities: 0 0.0 1 0.0 2 0.0 3 1.2644254200685923 4 27.7477013969099 
34 58 0.0  Commodities: 0 0.0 1 0.0 2 0.0 3 0.0 4 0.0 
58 34 0.0  Commodities: 0 0.0 1 0.0 2 0.0 3 5.908442033260593 4 0.0 
35 36 0.0  Commodities: 0 12.461815194969255 1 0.0 2 0.0 3 0.0 4 0.0 
36 35 3.159357417508936  Commodities: 0 0.0 1 0.0 2 0.0 3 1.6865829794322833 4 0.0 
35 59 0.0  Commodities: 0 0.0 1 0.0 2 0.0 3 0.0 4 0.0 
59 35 0.0  Commodities: 0 0.8401991099529705 1 0.0 2 0.0 3 0.0 4 0.0 
36 37 0.0  Commodities: 0 13.515127499935707 1 0.0 2 0.0 3 0.0 4 0.0 
37 36 0.0  Commodities: 0 0.0 1 0.0 2 16.177633961530116 3 11.333931680902678 4 0.0 
36 60 0.0  Commodities: 0 0.0 1 0.0 2 0.0 3 2.786004945382009 4 0.0 
60 36 1.428400741654066  Commodities: 0 1.0533123054649631 1 0.0 2 0.0 3 0.0 4 0.0 
37 38 0.5699015526257512  Commodities: 0 7.13766057396622 1 0.0 2 0.0 3 0.0 4 0.0 
38 37 3.807532431471209  Commodities: 0 0.0 1 0.0 2 8.719738530880663 3 3.5962504298210196 4 0.0 
37 61 0.0  Commodities: 0 0.007489636822774999 1 0.0 2 0.0 3 0.0 4 0.0 
61 37 0.0  Commodities: 0 0.0 1 0.0 2 6.543267405701378 3 6.837542661123409 4 0.0 
38 39 0.19835486411531633  Commodities: 0 7.117811953113383 1 0.0 2 0.0 3 0.0 4 0.0 
39 38 6.01281645694047  Commodities: 0 0.0 1 0.0 2 16.51902023207016 3 8.982462232832733 4 0.0 
38 62 0.0  Commodities: 0 0.019848623811526155 1 0.0 2 0.0 3 0.0 4 0.0 
62 38 0.0  Commodities: 0 0.0 1 0.0 2 1.1681113524162456 3 1.7696698349831292 4 0.0 
39 40 6.781734590251034  Commodities: 0 0.6643634244145802 1 0.0 2 0.0 3 0.0 4 0.0 
40 39 0.0  Commodities: 0 0.0 1 0.0 2 0.0 3 9.882130318194188 4 0.0 
39 63 0.0  Commodities: 0 2.509708069480194 1 0.0 2 7.711378758276485 3 1.761520428024537 4 0.0 
63 39 0.0  Commodities: 0 0.0 1 0.0 2 0.0 3 0.0 4 0.0 
40 41 0.0  Commodities: 0 4.039567736114023 1 6.199717673392047 2 0.0 3 0.0 4 0.0 
41 40 0.0  Commodities: 0 0.0 1 0.0 2 0.0 3 26.820056342932155 4 0.0 
40 64 0.5328167603712188  Commodities: 0 0.0 1 0.0 2 0.0 3 16.937926023804554 4 0.0 
64 40 0.0  Commodities: 0 0.29994668253462425 1 0.0 2 0.0 3 0.0 4 0.0 
41 42 0.0  Commodities: 0 8.652142630722102 1 20.978951222315786 2 0.0 3 0.0 4 0.0 
42 41 5.403588797328467  Commodities: 0 0.0 1 0.0 2 0.0 3 0.4801589976387 4 0.0 
41 65 0.0  Commodities: 0 0.0 1 0.0 2 0.0 3 0.0 4 0.0 
65 41 0.0  Commodities: 0 0.2985129687447611 1 0.0 2 0.0 3 14.665742526641214 4 0.0 
42 43 7.3662154827411825  Commodities: 0 12.757312911472942 1 20.978951223797363 2 0.0 3 0.0 4 0.0 
43 42 0.0  Commodities: 0 0.0 1 0.0 2 0.0 3 20.13902309099043 4 0.0 
42 66 1.6281540470847062  Commodities: 0 0.0 1 0.0 2 0.0 3 18.147162544549495 4 0.0 
66 42 0.8336999766767974  Commodities: 0 4.105170280430009 1 0.0 2 0.0 3 0.0 4 0.0 
43 44 0.0  Commodities: 0 16.744082837978446 1 25.11640604718439 2 0.0 3 0.0 4 0.0 
44 43 0.0  Commodities: 0 0.0 1 0.0 2 0.0 3 23.335368314108596 4 0.0 
43 67 0.0  Commodities: 0 0.0 1 0.0 2 0.0 3 0.0 4 0.0 
67 43 0.0  Commodities: 0 0.3816654401005907 1 0.0 2 0.0 3 0.0 4 0.0 
44 45 0.43390610317982237  Commodities: 0 2.2444487848181667 1 1.6802617917564762 2 0.0 3 0.0 4 0.0 
45 44 0.0  Commodities: 0 0.0 1 0.0 2 0.0 3 23.33536824340792 4 0.0 
44 68 0.0  Commodities: 0 10.19390498864222 1 0.0 2 0.0 3 0.0 4 0.0 
68 44 0.0  Commodities: 0 0.0 1 0.0 2 0.0 3 0.0 4 0.0 
45 46 0.11442215248848697  Commodities: 0 10.536822076626043 1 3.436512196676801 2 0.0 3 0.0 4 0.0 
46 45 5.985245664248396  Commodities: 0 0.0 1 0.0 2 0.0 3 28.433282138349472 4 0.0 
45 69 0.0  Commodities: 0 0.0 1 0.0 2 0.0 3 0.0 4 0.0 
69 45 0.0  Commodities: 0 0.0 1 0.0 2 0.0 3 0.0 4 0.0 
46 47 0.0  Commodities: 0 0.0 1 0.0 2 0.0 3 0.0 4 0.0 
47 46 0.0  Commodities: 0 0.0 1 0.0 2 0.0 3 9.486627538884157 4 0.0 
46 70 0.0  Commodities: 0 10.536822078025278 1 0.0 2 0.0 3 0.0 4 0.0 
70 46 0.0  Commodities: 0 0.0 1 0.0 2 0.0 3 22.072421990306935 4 0.0 
47 71 0.0  Commodities: 0 0.0 1 0.0 2 0.0 3 0.0 4 0.0 
71 47 0.0  Commodities: 0 0.0 1 0.0 2 0.0 3 9.907983122737132 4 0.0 
48 49 0.0  Commodities: 0 0.0 1 0.0 2 0.0 3 0.0 4 0.0 
49 48 0.0  Commodities: 0 0.0 1 0.0 2 0.0 3 0.0 4 0.0 
49 50 0.0  Commodities: 0 0.0 1 0.0 2 0.0 3 0.0 4 0.0 
50 49 0.0  Commodities: 0 0.0 1 0.0 2 0.0 3 0.0 4 0.0 
50 51 0.0  Commodities: 0 0.0 1 0.0 2 0.0 3 0.0 4 0.0 
51 50 0.0  Commodities: 0 0.0 1 0.0 2 0.0 3 0.0 4 0.0 
51 52 0.0  Commodities: 0 0.0 1 0.0 2 0.0 3 0.0 4 0.0 
52 51 0.0  Commodities: 0 0.0 1 0.0 2 0.0 3 0.0 4 0.0 
52 53 0.0  Commodities: 0 0.0 1 0.0 2 0.0 3 0.0 4 0.0 
53 52 0.0  Commodities: 0 0.0 1 0.0 2 0.0 3 2.7609627164822115 4 0.0 
53 54 0.0  Commodities: 0 0.0 1 0.0 2 0.0 3 0.0 4 0.0 
54 53 0.0  Commodities: 0 0.0 1 0.0 2 0.0 3 9.406272848431893 4 0.0 
54 55 0.0  Commodities: 0 0.0 1 0.0 2 0.0 3 0.0 4 0.0 
55 54 3.06447276173904  Commodities: 0 0.0 1 0.0 2 0.0 3 11.30410281807882 4 28.999999986797835 
55 56 0.0  Commodities: 0 0.0 1 0.0 2 0.0 3 0.0 4 0.0 
56 55 0.0  Commodities: 0 0.0 1 0.0 2 0.0 3 15.381719217970472 4 28.99999998763263 
56 57 0.0  Commodities: 0 4.926038566475942 1 0.0 2 0.0 3 0.0 4 0.0 
57 56 8.861251991594031  Commodities: 0 0.0 1 0.0 2 0.0 3 10.891012043819126 4 0.0 
57 58 0.0  Commodities: 0 9.711033119133328 1 0.0 2 0.0 3 0.0 4 0.0 
58 57 0.0  Commodities: 0 0.0 1 0.0 2 0.0 3 20.470811608525267 4 0.0 
58 59 0.0  Commodities: 0 9.71103339134388 1 0.0 2 0.0 3 0.0 4 0.0 
59 58 0.0  Commodities: 0 0.0 1 0.0 2 0.0 3 26.379253641709397 4 0.0 
59 60 0.0  Commodities: 0 8.870834281906978 1 0.0 2 0.0 3 0.0 4 0.0 
60 59 0.0  Commodities: 0 0.0 1 0.0 2 0.0 3 26.379253636871155 4 0.0 
60 61 7.774304605145733  Commodities: 0 7.817521977450485 1 0.0 2 0.0 3 0.0 4 0.0 
61 60 10.923376225936366  Commodities: 0 0.0 1 0.0 2 0.0 3 23.593248692403204 4 0.0 
61 62 0.0  Commodities: 0 7.825011613713959 1 0.0 2 0.0 3 0.0 4 0.0 
62 61 6.38885229015964  Commodities: 0 0.0 1 0.0 2 6.543267406954926 3 30.430791353077048 4 0.0 
62 63 0.0  Commodities: 0 7.844860235313874 1 0.0 2 0.0 3 0.0 4 0.0 
63 62 0.0  Commodities: 0 0.0 1 0.0 2 7.711378757226821 3 32.20046118591081 4 0.0 
63 64 0.0  Commodities: 0 10.354568303306724 1 0.0 2 0.0 3 0.0 4 0.0 
64 63 0.0  Commodities: 0 0.0 1 0.0 2 0.0 3 30.438940759177164 4 0.0 
64 65 3.514116174334589  Commodities: 0 10.054621622044653 1 0.0 2 0.0 3 0.0 4 0.0 
65 64 3.8752922190732306  Commodities: 0 0.0 1 0.0 2 0.0 3 13.501014736602292 4 0.0 
65 66 0.0  Commodities: 0 9.756108654245404 1 0.0 2 0.0 3 0.0 4 0.0 
66 65 0.0  Commodities: 0 0.0 1 0.0 2 0.0 3 28.166757262511894 4 0.0 
66 67 2.91692862764981  Commodities: 0 5.650938374847071 1 0.0 2 0.0 3 0.0 4 0.0 
67 66 1.044619218054379  Commodities: 0 0.0 1 0.0 2 0.0 3 10.019594718909964 4 0.0 
67 68 0.06997772207444086  Commodities: 0 5.269272934685033 1 0.0 2 0.0 3 0.0 4 0.0 
68 67 0.0  Commodities: 0 0.0 1 0.0 2 0.0 3 10.019594717609845 4 0.0 
68 69 0.0  Commodities: 0 15.463177922215078 1 0.0 2 0.0 3 0.0 4 0.0 
69 68 0.0  Commodities: 0 0.0 1 0.0 2 0.0 3 10.019594721055695 4 0.0 
69 70 0.0  Commodities: 0 15.46317792240251 1 0.0 2 0.0 3 0.0 4 0.0 
70 69 16.232404469685747  Commodities: 0 0.0 1 0.0 2 0.0 3 10.019594888888685 4 0.0 
70 71 0.0  Commodities: 0 0.0 1 0.0 2 0.0 3 0.0 4 0.0 
71 70 0.3493403228425791  Commodities: 0 0.0 1 0.0 2 0.0 3 32.09201687850838 4 0.0 
 Execution Time:  245144 ms
 true Commodity ID : 0 KP : 389.7806211678925 LP : 389.7806211678925
 true Commodity ID : 1 KP : 230.31731584578932 LP : 230.31731584578932
 true Commodity ID : 2 KP : 178.80540445701175 LP : 178.80540445701175
 true Commodity ID : 3 KP : 527.0916384648227 LP : 527.0916384648227
 true Commodity ID : 4 KP : 154.61459526348855 LP : 154.61459526348855

Number of Toll Stations: 56
SocialOptimum : 4121892.6131097
