0 1 0.0  Commodities: 0 0.5578362934554139 1 0.0 2 0.0 3 0.0 4 0.0 5 0.0 6 0.0 7 0.0 
1 0 0.0  Commodities: 0 0.0 1 0.0 2 0.0 3 0.0 4 0.0 5 0.0 6 0.0 7 0.0 
0 14 0.0  Commodities: 0 0.0 1 0.0 2 0.0 3 0.0 4 0.0 5 0.0 6 0.0 7 0.0 
14 0 0.0  Commodities: 0 0.5578362589435307 1 0.0 2 0.0 3 0.0 4 0.0 5 0.0 6 0.0 7 0.0 
1 2 0.0  Commodities: 0 1.9547796186305038 1 0.0 2 0.0 3 0.0 4 0.0 5 0.0 6 0.0 7 0.0 
2 1 0.0  Commodities: 0 0.0 1 0.0 2 0.0 3 0.0 4 0.0 5 0.0 6 0.0 7 0.0 
1 15 0.0  Commodities: 0 0.0 1 0.0 2 0.0 3 0.0 4 0.0 5 0.0 6 0.0 7 0.0 
15 1 2.408337529407916  Commodities: 0 1.3969433670530786 1 0.0 2 0.0 3 0.0 4 0.0 5 0.0 6 0.0 7 0.0 
2 3 0.0  Commodities: 0 2.2964018154398937 1 0.0 2 0.0 3 0.0 4 0.0 5 0.0 6 0.0 7 0.0 
3 2 0.0  Commodities: 0 0.0 1 0.0 2 0.0 3 0.0 4 0.0 5 0.0 6 0.0 7 0.0 
2 16 0.0  Commodities: 0 0.0 1 0.0 2 0.0 3 0.0 4 0.0 5 0.0 6 0.0 7 0.0 
16 2 7.117365975171182  Commodities: 0 0.3416221954129564 1 0.0 2 0.0 3 0.0 4 0.0 5 0.0 6 0.0 7 0.0 
3 4 0.0  Commodities: 0 28.227852991046525 1 0.0 2 0.0 3 0.0 4 0.0 5 0.0 6 0.0 7 0.0 
4 3 0.0  Commodities: 0 0.0 1 0.0 2 0.0 3 0.0 4 0.0 5 0.0 6 0.0 7 0.0 
3 17 0.0  Commodities: 0 0.0 1 0.0 2 0.0 3 0.0 4 0.0 5 0.0 6 0.0 7 0.0 
17 3 7.635328064493677  Commodities: 0 25.931451179332747 1 0.0 2 0.0 3 0.0 4 0.0 5 0.0 6 0.0 7 0.0 
4 5 0.0  Commodities: 0 0.0 1 0.0 2 0.0 3 0.0 4 0.0 5 0.0 6 0.0 7 0.0 
5 4 11.813998180262558  Commodities: 0 57.26212382958366 1 0.0 2 0.0 3 0.0 4 0.0 5 0.0 6 0.0 7 0.0 
4 18 0.0  Commodities: 0 0.0 1 0.0 2 0.0 3 0.0 4 0.0 5 0.0 6 0.0 7 0.0 
18 4 10.987197355044884  Commodities: 0 13.510023180521813 1 0.0 2 0.0 3 0.0 4 0.0 5 0.0 6 0.0 7 0.0 
5 6 0.0  Commodities: 0 0.0 1 0.0 2 0.0 3 0.0 4 0.0 5 0.0 6 0.0 7 0.0 
6 5 0.0  Commodities: 0 16.842125756538127 1 0.0 2 0.0 3 0.0 4 0.0 5 0.0 6 0.0 7 0.0 
5 19 0.0  Commodities: 0 0.0 1 0.0 2 0.0 3 0.0 4 0.0 5 0.0 6 0.0 7 0.0 
19 5 1.2547949063557837  Commodities: 0 40.419998074424846 1 0.0 2 0.0 3 0.0 4 0.0 5 0.0 6 0.0 7 0.0 
6 7 4.764302429816411  Commodities: 0 0.0 1 0.0 2 9.03555379011464 3 0.0 4 13.944005939441944 5 0.0 6 0.0 7 0.0 
7 6 0.0  Commodities: 0 0.26130858842828564 1 0.0 2 0.0 3 0.0 4 0.0 5 0.0 6 0.0 7 0.0 
6 20 0.0  Commodities: 0 0.0 1 0.0 2 0.0 3 0.0 4 24.05599405800663 5 0.0 6 0.0 7 0.0 
20 6 0.0  Commodities: 0 16.580817170133137 1 0.0 2 9.035553789792088 3 0.0 4 0.0 5 0.0 6 0.0 7 0.0 
7 8 11.352138458350211  Commodities: 0 0.0 1 0.0 2 12.36052551930624 3 0.0 4 13.944005935130667 5 0.0 6 0.0 7 0.0 
8 7 0.0  Commodities: 0 0.0 1 0.0 2 0.0 3 0.0 4 0.0 5 0.0 6 1.3019440832791103 7 0.0 
7 21 3.9304311174065667  Commodities: 0 0.0 1 0.0 2 0.0 3 0.0 4 0.0 5 0.0 6 1.301944067127217 7 0.0 
21 7 4.709605500331832  Commodities: 0 0.26130857894380977 1 0.0 2 3.3249717304231186 3 0.0 4 0.0 5 0.0 6 0.0 7 0.0 
8 9 0.0  Commodities: 0 0.0 1 0.0 2 34.86378495135316 3 0.0 4 13.944005933685194 5 1.8050136463233202 6 0.0 7 0.0 
9 8 3.3527893974193503  Commodities: 0 0.0 1 0.0 2 0.0 3 0.0 4 0.0 5 0.0 6 11.335944960666081 7 0.0 
8 22 0.0  Commodities: 0 0.0 1 0.0 2 0.0 3 0.0 4 0.0 5 0.0 6 10.034000877897629 7 0.0 
22 8 0.0  Commodities: 0 0.0 1 0.0 2 22.503259432521897 3 0.0 4 0.0 5 1.8050136428542445 6 0.0 7 0.0 
9 10 15.41491352854949  Commodities: 0 0.0 1 0.0 2 30.46810792451758 3 0.0 4 0.13309110166418017 5 0.9491945495304246 6 0.0 7 0.0 
10 9 0.0  Commodities: 0 0.0 1 0.0 2 0.0 3 0.0 4 0.0 5 0.0 6 11.335944957420141 7 0.0 
9 23 0.0  Commodities: 0 0.0 1 0.0 2 4.395677026910818 3 0.0 4 13.810914832059352 5 0.8558190969038418 6 0.0 7 0.0 
23 9 0.0  Commodities: 0 0.0 1 0.0 2 0.0 3 0.0 4 0.0 5 0.0 6 0.0 7 0.0 
10 11 0.0  Commodities: 0 0.0 1 0.0 2 57.47300169978458 3 0.0 4 0.35315786345009653 5 17.699244467318888 6 1.8348920834356628 7 0.0 
11 10 5.898352307192596  Commodities: 0 0.0 1 0.0 2 0.0 3 0.0 4 0.0 5 0.0 6 0.0 7 3.538831248283173 
10 24 0.0  Commodities: 0 0.0 1 0.0 2 0.0 3 0.0 4 0.0 5 0.0 6 0.0 7 0.0 
24 10 0.0  Commodities: 0 0.0 1 0.0 2 27.00489377740768 3 0.0 4 0.22006676403602676 5 16.750049919949554 6 13.170837042207342 7 13.461168753010128 
11 12 3.3693599220830492  Commodities: 0 0.0 1 0.0 2 41.64514047560376 3 0.0 4 0.0 5 7.2080043387124375 6 0.0 7 0.0 
12 11 0.0  Commodities: 0 0.0 1 0.0 2 0.0 3 0.0 4 0.0 5 0.0 6 0.0 7 0.0 
11 25 0.0  Commodities: 0 0.0 1 0.0 2 15.827861224665387 3 0.0 4 0.3531578626769693 5 10.49124012909551 6 1.8348920832051996 7 0.0 
25 11 0.0  Commodities: 0 0.0 1 0.0 2 0.0 3 0.0 4 0.0 5 0.0 6 0.0 7 3.538831246985226 
12 13 0.0  Commodities: 0 0.0 1 0.0 2 0.0 3 0.0 4 0.0 5 21.528519941760475 6 0.0 7 0.0 
13 12 0.0  Commodities: 0 0.0 1 0.0 2 0.0 3 0.0 4 0.0 5 0.0 6 0.0 7 0.0 
12 26 0.0  Commodities: 0 0.0 1 0.0 2 0.0 3 0.0 4 0.0 5 0.0 6 0.0 7 0.0 
26 12 0.0  Commodities: 0 0.0 1 0.0 2 42.354859510457615 3 0.0 4 0.0 5 14.32051560300179 6 0.0 7 0.0 
13 27 0.0  Commodities: 0 0.0 1 0.0 2 0.0 3 0.0 4 0.0 5 0.0 6 0.0 7 0.0 
27 13 2.1854029832078368  Commodities: 0 0.0 1 0.0 2 0.0 3 0.0 4 0.0 5 29.471480061027588 6 0.0 7 0.0 
14 15 0.0  Commodities: 0 0.0 1 0.0 2 0.0 3 0.0 4 0.0 5 0.0 6 0.0 7 0.0 
15 14 0.0  Commodities: 0 0.41061084689790694 1 0.0 2 0.0 3 0.0 4 0.4285442361446352 5 0.0 6 0.0 7 0.0 
14 28 0.0  Commodities: 0 0.0 1 0.0 2 0.0 3 0.0 4 0.42854423776375455 5 0.0 6 0.0 7 0.0 
28 14 0.5368782345225256  Commodities: 0 0.14722541749570628 1 0.0 2 0.0 3 0.0 4 0.0 5 0.0 6 0.0 7 0.0 
15 16 0.0  Commodities: 0 9.514253416392993 1 0.0 2 0.0 3 0.0 4 0.0 5 0.0 6 0.0 7 0.0 
16 15 0.0  Commodities: 0 0.0 1 0.0 2 0.0 3 0.0 4 0.4593799800497428 5 0.0 6 0.0 7 0.0 
15 29 0.0  Commodities: 0 0.0 1 0.0 2 0.0 3 0.0 4 0.030835746978288073 5 0.0 6 0.0 7 0.0 
29 15 0.0  Commodities: 0 11.321807620296973 1 0.0 2 0.0 3 0.0 4 0.0 5 0.0 6 0.0 7 0.0 
16 17 0.0  Commodities: 0 10.155148793341509 1 0.0 2 0.0 3 0.0 4 0.0 5 0.0 6 0.0 7 0.0 
17 16 0.0  Commodities: 0 0.0 1 0.0 2 0.0 3 0.0 4 0.794015647349055 5 0.0 6 0.0 7 0.0 
16 30 0.0  Commodities: 0 0.0 1 0.0 2 0.0 3 0.0 4 0.33463567492232965 5 0.0 6 0.0 7 0.0 
30 16 0.0  Commodities: 0 0.9825175792508037 1 0.0 2 0.0 3 0.0 4 0.0 5 0.0 6 0.0 7 0.0 
17 18 0.0  Commodities: 0 0.0 1 0.0 2 0.0 3 0.0 4 0.0 5 0.0 6 0.0 7 0.0 
18 17 0.0  Commodities: 0 0.04351801943289438 1 0.0 2 0.0 3 0.0 4 2.379955578687779 5 0.0 6 0.0 7 0.0 
17 31 0.0  Commodities: 0 0.0 1 0.0 2 0.0 3 0.0 4 1.5859399336836408 5 0.0 6 0.0 7 0.0 
31 17 0.14233918605146556  Commodities: 0 15.732784374770645 1 0.0 2 0.0 3 0.0 4 0.0 5 0.0 6 0.0 7 0.0 
18 19 0.0  Commodities: 0 0.0 1 0.0 2 0.0 3 0.0 4 0.0 5 0.0 6 0.0 7 0.0 
19 18 1.1611296988302229  Commodities: 0 4.980080517504869 1 0.0 2 0.0 3 0.0 4 2.3799555965701593 5 0.0 6 0.0 7 0.0 
18 32 0.0  Commodities: 0 0.0 1 0.0 2 0.0 3 0.0 4 0.0 5 0.0 6 0.0 7 0.0 
32 18 0.0  Commodities: 0 8.573460683761525 1 0.0 2 0.0 3 0.0 4 0.0 5 0.0 6 0.0 7 0.0 
19 20 0.0  Commodities: 0 0.0 1 0.0 2 0.0 3 0.0 4 0.0 5 0.0 6 0.0 7 0.0 
20 19 0.0  Commodities: 0 23.674724479855282 1 0.0 2 0.0 3 0.0 4 2.379955589901645 5 0.0 6 0.0 7 0.0 
19 33 0.0  Commodities: 0 0.0 1 0.0 2 0.0 3 0.0 4 0.0 5 0.0 6 0.0 7 0.0 
33 19 2.523913253999499  Commodities: 0 21.725354110330038 1 0.0 2 0.0 3 0.0 4 0.0 5 0.0 6 0.0 7 0.0 
20 21 0.0  Commodities: 0 0.0 1 0.0 2 29.70212199882767 3 0.0 4 8.034090917729753 5 0.0 6 0.0 7 0.0 
21 20 0.0  Commodities: 0 0.6032419899376258 1 0.0 2 0.0 3 0.0 4 0.0 5 0.0 6 0.0 7 0.0 
20 34 0.0  Commodities: 0 0.0 1 0.0 2 0.0 3 0.0 4 13.641947553952646 5 0.0 6 0.0 7 0.0 
34 20 2.1856992350372106  Commodities: 0 39.652299661111996 1 0.0 2 38.73767578879424 3 0.0 4 0.0 5 0.0 6 0.0 7 0.0 
21 22 14.450022582340011  Commodities: 0 0.0 1 0.0 2 26.37715026849599 3 0.0 4 0.0 5 0.0 6 0.0 7 0.0 
22 21 0.0  Commodities: 0 0.0 1 0.0 2 0.0 3 0.0 4 0.0 5 0.0 6 4.539602302625248 7 0.0 
21 35 12.8332766002409  Commodities: 0 0.0 1 0.0 2 0.0 3 0.0 4 8.034090916863041 5 0.0 6 5.8415463669549474 7 0.0 
35 21 8.071413080769158  Commodities: 0 0.8645505651258977 1 0.0 2 0.0 3 0.0 4 0.0 5 0.0 6 0.0 7 0.0 
22 23 3.1022219153905475  Commodities: 0 0.0 1 0.0 2 4.289027636903065 3 0.0 4 0.0 5 0.449369805894488 6 0.0 7 0.0 
23 22 2.676327486791223  Commodities: 0 0.0 1 0.0 2 0.0 3 0.0 4 0.0 5 0.0 6 14.542858022792405 7 0.0 
22 36 5.834010583469642  Commodities: 0 0.0 1 0.0 2 0.0 3 0.0 4 0.0 5 0.0 6 20.0372565983441 7 0.0 
36 22 0.1805516112442902  Commodities: 0 0.0 1 0.0 2 0.4151368014801479 3 0.0 4 0.0 5 2.2543834473183515 6 0.0 7 0.0 
23 24 10.029065231269641  Commodities: 0 0.0 1 0.0 2 21.07941210700792 3 0.0 4 0.31726081766403375 5 12.932227836555983 6 0.0 7 0.27223401060858876 
24 23 6.008125024277319  Commodities: 0 0.0 1 0.0 2 0.0 3 0.0 4 0.0 5 0.0 6 23.158296321427787 7 0.0 
23 37 10.18343983184009  Commodities: 0 0.0 1 0.0 2 0.0 3 0.0 4 13.493654015199658 5 0.0 6 8.615438298242706 7 0.0 
37 23 0.0  Commodities: 0 0.0 1 0.0 2 12.394707446113923 3 0.0 4 0.0 5 11.627038936880203 6 0.0 7 0.2722340089298944 
24 25 4.308587040914617  Commodities: 0 0.0 1 0.0 2 1.7568410951440157 3 0.0 4 0.09719405758231428 5 1.5107288562487957 6 0.6346119067615841 7 0.0 
25 24 3.886653572653543  Commodities: 0 0.0 1 0.0 2 0.0 3 0.0 4 0.0 5 0.0 6 0.0 7 4.790077383424106 
24 38 13.694198624035234  Commodities: 0 0.0 1 0.0 2 0.0 3 0.0 4 0.0 5 0.0 6 8.0362547346733 7 0.0 
38 24 8.400755279810262  Commodities: 0 0.0 1 0.0 2 7.682322762390013 3 0.0 4 0.0 5 5.328550936477251 6 0.0 7 8.398857357422763 
25 26 0.0  Commodities: 0 0.0 1 0.0 2 31.27784523412922 3 0.0 4 0.0 5 15.306982610054748 6 0.0 7 0.0 
26 25 0.0  Commodities: 0 0.0 1 0.0 2 0.0 3 0.0 4 0.0 5 0.0 6 0.0 7 0.0 
25 39 0.0  Commodities: 0 0.0 1 0.0 2 0.0 3 0.0 4 0.4503519149353514 5 0.0 6 2.469503987095213 7 0.0 
39 25 9.73771854120794  Commodities: 0 0.0 1 0.0 2 13.693142916505941 3 0.0 4 0.0 5 3.305013626912291 6 0.0 7 8.32890862457629 
26 27 0.0  Commodities: 0 0.0 1 0.0 2 0.0 3 0.0 4 0.0 5 3.6566082701257097 6 0.0 7 0.0 
27 26 0.0  Commodities: 0 0.0 1 0.0 2 0.0 3 0.0 4 0.0 5 0.0 6 0.0 7 0.0 
26 40 0.0  Commodities: 0 0.0 1 0.0 2 0.0 3 0.0 4 0.0 5 0.0 6 0.0 7 0.0 
40 26 5.033142732342782  Commodities: 0 0.0 1 14.999999968915809 2 11.077014277731328 3 0.0 4 0.0 5 2.670141263676953 6 0.0 7 0.0 
27 41 0.0  Commodities: 0 0.0 1 0.0 2 0.0 3 0.0 4 0.0 5 0.0 6 0.0 7 0.0 
41 27 2.7737940546674054  Commodities: 0 0.0 1 0.0 2 0.0 3 0.0 4 0.0 5 25.814871790361618 6 0.0 7 0.0 
28 29 0.0  Commodities: 0 0.13490160793968403 1 0.0 2 0.0 3 0.0 4 0.0 5 0.0 6 0.0 7 0.0 
29 28 0.0  Commodities: 0 0.0 1 0.0 2 0.0 3 0.0 4 0.0 5 0.0 6 0.0 7 0.0 
28 42 0.0  Commodities: 0 0.0 1 0.0 2 0.0 3 0.0 4 0.4285442243843129 5 0.0 6 0.0 7 0.0 
42 28 0.0  Commodities: 0 0.2821270198184696 1 0.0 2 0.0 3 0.0 4 0.0 5 0.0 6 0.0 7 0.0 
29 30 0.0  Commodities: 0 0.0 1 0.0 2 0.0 3 0.0 4 0.0 5 0.0 6 0.0 7 0.0 
30 29 0.0  Commodities: 0 0.0 1 0.0 2 0.0 3 0.0 4 0.0 5 0.0 6 0.0 7 0.0 
29 43 0.0  Commodities: 0 0.0 1 0.0 2 0.0 3 0.0 4 0.030835780825739005 5 0.0 6 0.0 7 0.0 
43 29 0.0  Commodities: 0 11.186906010858138 1 0.0 2 0.0 3 0.0 4 0.0 5 0.0 6 0.0 7 0.0 
30 31 0.0  Commodities: 0 2.1362447915020275 1 0.0 2 0.0 3 0.0 4 0.0 5 0.0 6 0.0 7 0.0 
31 30 0.0  Commodities: 0 0.0 1 0.0 2 0.0 3 0.0 4 0.0 5 0.0 6 0.0 7 0.0 
30 44 2.519179598592146  Commodities: 0 0.0 1 0.0 2 0.0 3 0.0 4 0.33463572788412543 5 0.0 6 0.0 7 0.0 
44 30 3.0769630022214614  Commodities: 0 3.1187623673629994 1 0.0 2 0.0 3 0.0 4 0.0 5 0.0 6 0.0 7 0.0 
31 32 0.0  Commodities: 0 0.0 1 0.0 2 0.0 3 0.0 4 0.0 5 0.0 6 0.0 7 0.0 
32 31 1.062518825638648  Commodities: 0 9.433602983701496 1 0.0 2 0.0 3 0.0 4 0.0 5 0.0 6 0.0 7 0.0 
31 45 0.0  Commodities: 0 0.0 1 0.0 2 0.0 3 0.0 4 1.5859398589939064 5 0.0 6 0.0 7 0.0 
45 31 7.762433873009954  Commodities: 0 4.162936605326066 1 0.0 2 0.0 3 0.0 4 0.0 5 0.0 6 0.0 7 0.0 
32 33 0.0  Commodities: 0 0.0 1 0.0 2 0.0 3 0.0 4 0.0 5 0.0 6 0.0 7 0.0 
33 32 0.0  Commodities: 0 5.468074838703741 1 0.0 2 0.0 3 0.0 4 2.799227974093381 5 0.0 6 0.0 7 0.0 
32 46 0.0  Commodities: 0 0.0 1 0.0 2 0.0 3 0.0 4 2.799227986425989 5 0.0 6 0.0 7 0.0 
46 32 11.83783258641676  Commodities: 0 12.53898882649368 1 0.0 2 0.0 3 0.0 4 0.0 5 0.0 6 0.0 7 0.0 
33 34 0.0  Commodities: 0 0.0 1 0.0 2 0.0 3 0.0 4 0.0 5 0.0 6 0.0 7 0.0 
34 33 0.0  Commodities: 0 23.574796773006643 1 0.0 2 0.0 3 0.0 4 6.034144315202425 5 0.0 6 0.0 7 0.0 
33 47 0.0  Commodities: 0 0.0 1 0.0 2 0.0 3 0.0 4 3.234916339491527 5 0.0 6 0.0 7 0.0 
47 33 7.715622871892613  Commodities: 0 3.6186321788774363 1 0.0 2 0.0 3 0.0 4 0.0 5 0.0 6 0.0 7 0.0 
34 35 17.603223020403128  Commodities: 0 0.0 1 0.0 2 18.81504650330065 3 0.0 4 2.9824585610043193 5 0.0 6 0.0 7 0.0 
35 34 0.0  Commodities: 0 0.0 1 0.0 2 0.0 3 0.0 4 0.0 5 0.0 6 0.0 7 0.0 
34 48 7.123653303543321  Commodities: 0 0.0 1 0.0 2 0.0 3 0.0 4 4.625344681408826 5 0.0 6 0.0 7 0.0 
48 34 4.3509547576871554  Commodities: 0 63.227096425950606 1 0.0 2 57.55272229346426 3 0.0 4 0.0 5 0.0 6 0.0 7 0.0 
35 36 2.6825838182018202  Commodities: 0 0.0 1 0.0 2 25.511312144041607 3 0.0 4 0.0 5 0.0 6 0.0 7 0.0 
36 35 8.919569079847047  Commodities: 0 0.0 1 0.0 2 0.0 3 0.0 4 0.0 5 0.0 6 4.468448816097495 7 0.0 
35 49 0.16428883781231463  Commodities: 0 0.0 1 0.0 2 0.0 3 0.0 4 11.016549470545975 5 0.0 6 10.30999518607889 7 0.0 
49 35 0.0  Commodities: 0 0.8645505736426696 1 0.0 2 6.696265643543837 3 0.0 4 0.0 5 0.0 6 0.0 7 0.0 
36 37 0.0  Commodities: 0 0.0 1 0.0 2 25.392348897120662 3 0.0 4 0.0 5 30.588466268447082 6 0.0 7 0.0 
37 36 0.0  Commodities: 0 0.0 1 0.0 2 0.0 3 0.0 4 0.0 5 0.0 6 8.296891673498047 7 0.0 
36 50 0.0  Commodities: 0 0.0 1 0.0 2 0.0 3 0.0 4 0.0 5 0.0 6 23.865699456081483 7 0.0 
50 36 2.023541543961173  Commodities: 0 0.0 1 0.0 2 0.2961735547422875 3 0.0 4 0.0 5 32.8428497107198 6 0.0 7 0.0 
37 38 0.0  Commodities: 0 0.0 1 0.0 2 14.958814761830102 3 0.0 4 13.493654018649957 5 22.832356795175315 6 0.0 7 0.13935110370885367 
38 37 3.5493476940267943  Commodities: 0 0.0 1 0.0 2 0.0 3 0.0 4 0.0 5 0.0 6 3.121260240871259 7 0.0 
37 51 0.0  Commodities: 0 0.0 1 0.0 2 0.0 3 0.0 4 0.0 5 0.0 6 3.439806865649085 7 0.0 
51 37 1.2087622552430801  Commodities: 0 0.0 1 0.0 2 1.9611733108800844 3 0.0 4 0.0 5 3.8709294636593694 6 0.0 7 0.411585111346689 
38 39 2.5629300196152087  Commodities: 0 0.0 1 0.0 2 7.276492000057289 3 0.0 4 10.494223768945062 5 17.503805859188102 6 0.0 7 0.0 
39 38 5.407159733767212  Commodities: 0 0.0 1 0.0 2 0.0 3 0.0 4 0.0 5 0.0 6 0.14990529582713305 7 1.097395880325229 
38 52 0.0  Commodities: 0 0.0 1 0.0 2 0.0 3 0.0 4 2.9994302502475776 5 0.0 6 5.064899790071253 7 0.0 
52 38 5.309980468345046  Commodities: 0 0.0 1 0.0 2 0.0 3 0.0 4 0.0 5 0.0 6 0.0 7 7.1621103756113325 
39 40 4.7085890734575315  Commodities: 0 0.0 1 0.0 2 11.077014279040565 3 0.0 4 10.944575682575072 5 14.428280473228408 6 0.0 7 0.0 
40 39 2.4656455177185066  Commodities: 0 0.0 1 0.0 2 0.0 3 0.0 4 0.0 5 0.0 6 0.0 7 1.7323677163554323 
39 53 0.0  Commodities: 0 0.0 1 0.0 2 0.0 3 0.0 4 0.0 5 0.0 6 2.3195986927861654 7 0.0 
53 39 0.0  Commodities: 0 0.0 1 0.0 2 17.49366519324017 3 0.0 4 0.0 5 0.2294882387137156 6 0.0 7 7.693936791185305 
40 41 1.1734891595563965  Commodities: 0 0.0 1 0.0 2 0.0 3 0.0 4 9.976135627755234 5 11.758139207724142 6 0.0 7 0.0 
41 40 0.0  Commodities: 0 0.0 1 0.0 2 0.0 3 0.0 4 0.0 5 0.0 6 0.0 7 0.0 
40 54 0.0  Commodities: 0 0.0 1 0.0 2 0.0 3 0.0 4 0.9684400546887465 5 0.0 6 0.0 7 0.0 
54 40 0.0  Commodities: 0 0.0 1 14.99999994925371 2 0.0 3 0.0 4 0.0 5 0.0 6 0.0 7 1.7323677109902975 
41 55 0.0  Commodities: 0 0.0 1 0.0 2 0.0 3 0.0 4 9.97613563150407 5 0.0 6 0.0 7 0.0 
55 41 0.0  Commodities: 0 0.0 1 0.0 2 0.0 3 0.0 4 0.0 5 14.056732584161235 6 0.0 7 0.0 
42 43 0.1709323566773122  Commodities: 0 0.0 1 0.0 2 0.0 3 0.0 4 0.02798349226856039 5 0.0 6 0.0 7 0.0 
43 42 0.0  Commodities: 0 0.0 1 0.0 2 0.0 3 0.0 4 0.0 5 0.0 6 0.0 7 0.0 
42 56 3.574375221583537  Commodities: 0 0.0 1 0.0 2 0.0 3 0.0 4 0.40056073344940296 5 0.0 6 0.0 7 0.0 
56 42 0.9912203139870925  Commodities: 0 0.28212702304581944 1 0.0 2 0.0 3 0.0 4 0.0 5 0.0 6 0.0 7 0.0 
43 44 0.0  Commodities: 0 0.0 1 0.0 2 0.0 3 0.0 4 0.0 5 0.0 6 0.0 7 0.0 
44 43 0.0  Commodities: 0 3.7616632421089093 1 0.0 2 0.0 3 0.0 4 0.0 5 0.0 6 0.0 7 0.0 
43 57 0.0  Commodities: 0 0.0 1 0.0 2 0.0 3 0.0 4 0.05881926088603205 5 0.0 6 0.0 7 0.0 
57 43 0.0  Commodities: 0 7.425242767642094 1 0.0 2 0.0 3 0.0 4 0.0 5 0.0 6 0.0 7 0.0 
44 45 0.0  Commodities: 0 0.0 1 0.0 2 0.0 3 0.0 4 0.0 5 0.0 6 0.0 7 0.0 
45 44 2.009904281305012  Commodities: 0 1.829641400640184 1 0.0 2 0.0 3 0.0 4 0.0 5 0.0 6 0.0 7 0.0 
44 58 0.0  Commodities: 0 0.0 1 0.0 2 0.0 3 0.0 4 0.3346357406638032 5 0.0 6 0.0 7 0.0 
58 44 2.4616632176059774  Commodities: 0 5.050784209568701 1 0.0 2 0.0 3 0.0 4 0.0 5 0.0 6 0.0 7 0.0 
45 46 0.0  Commodities: 0 0.0 1 0.0 2 0.0 3 0.0 4 0.0 5 0.0 6 0.0 7 0.0 
46 45 0.0  Commodities: 0 1.4581933778101657 1 0.0 2 0.0 3 0.0 4 0.0 5 0.0 6 0.0 7 0.0 
45 59 5.388543385647974  Commodities: 0 0.0 1 0.0 2 0.0 3 0.0 4 1.5859398457447986 5 0.0 6 0.0 7 0.0 
59 45 0.0  Commodities: 0 4.5343846303628945 1 0.0 2 0.0 3 0.0 4 0.0 5 0.0 6 0.0 7 0.0 
46 47 0.0  Commodities: 0 0.6342584939781323 1 0.0 2 0.0 3 0.0 4 0.0 5 0.0 6 0.0 7 0.0 
47 46 0.8535375331629922  Commodities: 0 0.0 1 0.0 2 0.0 3 0.0 4 1.2659750992315681 5 0.0 6 0.0 7 0.0 
46 60 16.11293493813068  Commodities: 0 0.0 1 0.0 2 0.0 3 0.0 4 4.065203098975269 5 0.0 6 0.0 7 0.0 
60 46 5.523192472910452  Commodities: 0 14.63144069573281 1 0.0 2 0.0 3 0.0 4 0.0 5 0.0 6 0.0 7 0.0 
47 48 0.0  Commodities: 0 0.0 1 0.0 2 0.0 3 0.0 4 0.9660039860162244 5 0.0 6 0.0 7 0.0 
48 47 0.0  Commodities: 0 0.13020679812982514 1 0.0 2 0.0 3 0.0 4 0.0 5 0.0 6 0.0 7 0.0 
47 61 17.930526890379014  Commodities: 0 0.0 1 0.0 2 0.0 3 0.0 4 1.0029372601314612 5 0.0 6 0.0 7 0.0 
61 47 11.86041356784429  Commodities: 0 2.854166892439027 1 0.0 2 0.0 3 0.0 4 0.0 5 0.0 6 0.0 7 0.0 
48 49 22.69636737684928  Commodities: 0 0.0 1 0.0 2 5.172099559195506 3 0.0 4 0.0 5 0.0 6 0.0 7 0.0 
49 48 0.0  Commodities: 0 0.0 1 0.0 2 0.0 3 0.0 4 0.0 5 0.0 6 0.0 7 0.0 
48 62 18.45871330064608  Commodities: 0 0.0 1 0.0 2 21.275178110922365 3 0.0 4 5.591348662227283 5 0.0 6 0.0 7 0.0 
62 48 1.242096496561345  Commodities: 0 63.35730321553651 1 0.0 2 0.0 3 0.0 4 0.0 5 0.0 6 0.0 7 0.0 
49 50 0.0  Commodities: 0 0.0 1 0.0 2 0.0 3 0.0 4 2.476143702431493 5 0.0 6 0.0 7 0.0 
50 49 11.803577488551323  Commodities: 0 0.0 1 0.0 2 0.0 3 0.0 4 0.0 5 0.0 6 32.363187072075206 7 0.0 
49 63 5.403066582575049  Commodities: 0 0.0 1 0.0 2 0.0 3 0.0 4 8.54040576809931 5 0.0 6 0.0 7 0.0 
63 49 0.0  Commodities: 0 0.8645505723658553 1 0.0 2 1.524166084636297 3 0.0 4 0.0 5 0.0 6 2.3268177482364614 7 0.0 
50 51 0.0  Commodities: 0 0.0 1 0.0 2 0.3082187647565376 3 0.0 4 1.9657257887024036 5 11.860549728369973 6 0.0 7 0.0 
51 50 1.7004350075432946  Commodities: 0 0.0 1 0.0 2 0.0 3 0.0 4 0.0 5 0.0 6 8.497487613438608 7 0.0 
50 64 0.0  Commodities: 0 0.0 1 0.0 2 0.0 3 0.0 4 0.5104179186130073 5 6.296600553963573 6 0.0 7 0.0 
64 50 4.695533096528095  Commodities: 0 0.0 1 0.0 2 0.604392318029247 3 0.0 4 0.0 5 0.0 6 0.0 7 0.0 
51 52 1.588904033794961  Commodities: 0 0.0 1 0.0 2 0.21649292527568195 3 0.0 4 1.3120526214836334 5 5.0466970727941325 6 0.0 7 0.0 
52 51 0.0  Commodities: 0 0.0 1 0.0 2 0.0 3 0.0 4 0.0 5 0.0 6 5.0576807458932285 7 0.0 
51 65 0.6320429651357244  Commodities: 0 0.0 1 0.0 2 0.0 3 0.0 4 0.6536731776316886 5 2.942923195683628 6 0.0 7 0.0 
65 51 0.0  Commodities: 0 0.0 1 0.0 2 1.8694474725799997 3 0.0 4 0.0 5 0.0 6 0.0 7 0.41158511327045877 
52 53 3.9800958705849148  Commodities: 0 0.0 1 0.0 2 7.643878253071022 3 19.715334403679705 4 4.311482866475093 5 5.046697068618512 6 0.0 7 0.0 
53 52 0.0  Commodities: 0 0.0 1 0.0 2 0.0 3 0.0 4 0.0 5 0.0 6 0.0 7 0.0 
52 66 2.5618171420265625  Commodities: 0 0.0 1 0.0 2 0.0 3 0.0 4 0.0 5 0.0 6 0.007219054053047505 7 0.0 
66 52 0.0  Commodities: 0 0.0 1 0.0 2 7.427385329355086 3 19.715334403320245 4 0.0 5 0.0 6 0.0 7 7.1621103753943665 
53 54 4.169200000021821  Commodities: 0 0.0 1 0.0 2 0.0 3 0.0 4 4.311482868627903 5 4.817208831529505 6 0.0 7 0.0 
54 53 0.0  Commodities: 0 0.0 1 0.0 2 0.0 3 0.0 4 0.0 5 0.0 6 0.0 7 0.0 
53 67 0.0  Commodities: 0 0.0 1 0.0 2 0.0 3 0.0 4 0.0 5 0.0 6 2.3195986858466497 7 0.0 
67 53 5.192073138195937  Commodities: 0 0.0 1 0.0 2 9.849786942521888 3 24.284665593808537 4 0.0 5 0.0 6 0.0 7 7.693936787704485 
54 55 0.0  Commodities: 0 0.0 1 0.0 2 0.0 3 0.0 4 5.279922924525016 5 4.817208833500941 6 0.0 7 0.0 
55 54 0.0  Commodities: 0 0.0 1 0.0 2 0.0 3 0.0 4 0.0 5 0.0 6 0.0 7 0.0 
54 68 0.0  Commodities: 0 0.0 1 0.0 2 0.0 3 0.0 4 0.0 5 0.0 6 0.0 7 0.0 
68 54 0.0  Commodities: 0 0.0 1 14.999999950194397 2 0.0 3 0.0 4 0.0 5 0.0 6 0.0 7 1.7323677153616088 
55 69 0.0  Commodities: 0 0.0 1 0.0 2 0.0 3 0.0 4 0.0 5 0.0 6 0.0 7 0.0 
69 55 0.0  Commodities: 0 0.0 1 0.0 2 0.0 3 0.0 4 22.743941446698546 5 9.239523750585288 6 0.0 7 0.0 
56 57 0.054902777886269405  Commodities: 0 1.0863830522463402 1 0.0 2 0.0 3 0.0 4 0.32082952577016155 5 0.0 6 0.0 7 0.0 
57 56 0.0  Commodities: 0 0.0 1 0.0 2 0.0 3 0.0 4 0.0 5 0.0 6 0.0 7 0.0 
56 70 0.0  Commodities: 0 0.0 1 0.0 2 0.0 3 0.0 4 0.07973121336972941 5 0.0 6 0.0 7 0.0 
70 56 0.0  Commodities: 0 1.3685100682964149 1 0.0 2 0.0 3 0.0 4 0.0 5 0.0 6 0.0 7 0.0 
57 58 0.0  Commodities: 0 0.0 1 0.0 2 0.0 3 0.0 4 0.3796485049997872 5 0.0 6 0.0 7 0.0 
58 57 0.0  Commodities: 0 5.346339448701273 1 0.0 2 0.0 3 0.0 4 0.0 5 0.0 6 0.0 7 0.0 
57 71 0.0  Commodities: 0 0.0 1 0.0 2 0.0 3 0.0 4 0.0 5 0.0 6 0.0 7 0.0 
71 57 7.715632720426157  Commodities: 0 0.9925202721009935 1 0.0 2 0.0 3 0.0 4 0.0 5 0.0 6 0.0 7 0.0 
58 59 0.0  Commodities: 0 0.0 1 0.0 2 0.0 3 0.0 4 0.0 5 0.0 6 0.0 7 0.0 
59 58 0.0  Commodities: 0 8.148229716053672 1 0.0 2 0.0 3 0.0 4 0.0 5 0.0 6 0.0 7 0.0 
58 72 2.4253276143632156  Commodities: 0 0.0 1 0.0 2 0.0 3 0.0 4 0.7142842432239019 5 0.0 6 0.0 7 0.0 
72 58 6.36239272520643  Commodities: 0 2.2488939423758523 1 0.0 2 0.0 3 0.0 4 0.0 5 0.0 6 0.0 7 0.0 
59 60 0.0  Commodities: 0 0.0 1 0.0 2 0.0 3 0.0 4 1.5313843873227506 5 0.0 6 0.0 7 0.0 
60 59 4.867645969804689  Commodities: 0 4.434449446020105 1 0.0 2 0.0 3 0.0 4 0.0 5 0.0 6 0.0 7 0.0 
59 73 0.18762752007362238  Commodities: 0 0.0 1 0.0 2 0.0 3 0.0 4 0.05455545840465297 5 0.0 6 0.0 7 0.0 
73 59 5.698914798353961  Commodities: 0 8.248164897843107 1 0.0 2 0.0 3 0.0 4 0.0 5 0.0 6 0.0 7 0.0 
60 61 0.0  Commodities: 0 0.0 1 0.0 2 0.0 3 0.0 4 5.596587487641282 5 0.0 6 0.0 7 0.0 
61 60 1.631090402457339  Commodities: 0 19.501423493680367 1 0.0 2 0.0 3 0.0 4 0.0 5 0.0 6 0.0 7 0.0 
60 74 0.0  Commodities: 0 0.43553335291004375 1 0.0 2 0.0 3 0.0 4 0.0 5 0.0 6 0.0 7 0.0 
74 60 0.0  Commodities: 0 0.0 1 0.0 2 0.0 3 0.0 4 0.0 5 0.0 6 0.0 7 0.0 
61 62 0.4090538279358782  Commodities: 0 64.22185379141625 1 0.0 2 0.0 3 0.0 4 4.199551380637061 5 0.0 6 0.0 7 0.0 
62 61 0.0  Commodities: 0 0.0 1 0.0 2 0.0 3 0.0 4 0.0 5 0.0 6 0.0 7 0.0 
61 75 0.0  Commodities: 0 12.422555835656238 1 0.0 2 0.0 3 0.0 4 2.3999733702098793 5 0.0 6 0.0 7 0.0 
75 61 0.0  Commodities: 0 0.0 1 0.0 2 0.0 3 0.0 4 0.0 5 0.0 6 0.0 7 0.0 
62 63 0.0  Commodities: 0 0.8645505744931445 1 0.0 2 21.275178079169926 3 0.0 4 9.790900016450284 5 0.0 6 0.0 7 0.0 
63 62 0.0  Commodities: 0 0.0 1 0.0 2 0.0 3 0.0 4 0.0 5 0.0 6 0.0 7 0.0 
62 76 0.0  Commodities: 0 0.0 1 0.0 2 0.0 3 0.0 4 0.0 5 0.0 6 0.0 7 0.0 
76 62 0.0  Commodities: 0 0.0 1 0.0 2 0.0 3 0.0 4 0.0 5 0.0 6 0.0 7 0.0 
63 64 0.0  Commodities: 0 0.0 1 0.0 2 15.75301085895614 3 0.0 4 15.762279685201735 5 0.0 6 0.0 7 0.0 
64 63 0.0  Commodities: 0 0.0 1 0.0 2 0.0 3 0.0 4 0.0 5 0.0 6 2.2640566902257575 7 0.0 
63 77 0.0  Commodities: 0 0.0 1 0.0 2 3.998001144247607 3 0.0 4 2.5690261048581537 5 0.0 6 0.0 7 0.0 
77 63 0.0  Commodities: 0 0.0 1 0.0 2 0.0 3 0.0 4 0.0 5 0.0 6 0.06276105458810254 7 0.0 
64 65 0.0  Commodities: 0 0.0 1 0.0 2 13.412285364052991 3 0.0 4 14.684048807963958 5 3.9706426783682804 6 0.0 7 0.0 
65 64 3.6411739107302985  Commodities: 0 0.0 1 0.0 2 0.0 3 0.0 4 0.0 5 0.0 6 2.2640566818298073 7 0.0 
64 78 0.0  Commodities: 0 0.0 1 0.0 2 1.7363331768004704 3 0.0 4 1.5886487911100253 5 2.3259578682942594 6 0.0 7 0.0 
78 64 0.0  Commodities: 0 0.0 1 0.0 2 0.0 3 0.0 4 0.0 5 0.0 6 0.0 7 0.0 
65 66 6.622169975030602  Commodities: 0 0.0 1 0.0 2 8.952803995646093 3 0.0 4 12.863627349405634 5 3.8130355369431657 6 0.0 7 0.0 
66 65 0.0  Commodities: 0 0.0 1 0.0 2 0.0 3 0.0 4 0.0 5 0.0 6 2.2768611744470473 7 0.0 
65 79 0.10480513609086728  Commodities: 0 0.0 1 0.0 2 2.5900339055196397 3 0.0 4 2.4740946409021283 5 3.1005303418162753 6 0.012804495254119993 7 0.0 
79 65 0.0  Commodities: 0 0.0 1 0.0 2 0.0 3 0.0 4 0.0 5 0.0 6 0.0 7 0.4115851176633577 
66 67 0.0  Commodities: 0 0.0 1 0.0 2 6.784658205492539 3 24.284665592278397 4 19.014126183044617 5 6.750105562607163 6 0.0 7 0.0 
67 66 1.1559566401245096  Commodities: 0 0.0 1 0.0 2 0.0 3 0.0 4 0.0 5 0.0 6 2.3195986663335213 7 6.943254809240283 
66 80 0.0  Commodities: 0 0.0 1 0.0 2 0.0 3 0.0 4 0.0 5 0.0 6 0.04995654606309735 7 0.0 
80 66 0.0  Commodities: 0 0.0 1 0.0 2 5.259239539661104 3 0.0 4 6.150498831005911 5 2.937070023377941 6 0.0 7 0.218855570210551 
67 68 0.0  Commodities: 0 0.0 1 0.0 2 0.0 3 0.0 4 22.743941428356795 5 9.239523732444404 6 0.0 7 0.0 
68 67 1.681159563583556  Commodities: 0 0.0 1 0.0 2 0.0 3 0.0 4 0.0 5 0.0 6 0.0 7 10.813208528373854 
67 81 0.0  Commodities: 0 0.0 1 0.0 2 0.0 3 0.0 4 0.0 5 0.0 6 0.0 7 0.0 
81 67 2.2104720571259975  Commodities: 0 0.0 1 0.0 2 3.065128746302513 3 0.0 4 3.7298152474710062 5 2.489418173005572 6 0.0 7 3.8239830686210263 
68 69 0.0  Commodities: 0 0.0 1 0.0 2 0.0 3 0.0 4 22.743941448881834 5 9.23952375285977 6 0.0 7 0.0 
69 68 0.0  Commodities: 0 0.0 1 5.413841757628664 2 0.0 3 0.0 4 0.0 5 0.0 6 0.0 7 0.0 
68 82 0.0  Commodities: 0 0.0 1 0.0 2 0.0 3 0.0 4 0.0 5 0.0 6 0.0 7 0.0 
82 68 0.0  Commodities: 0 0.0 1 9.586158204852469 2 0.0 3 0.0 4 0.0 5 0.0 6 0.0 7 12.545576251228674 
69 83 0.0  Commodities: 0 0.0 1 0.0 2 0.0 3 0.0 4 0.0 5 0.0 6 0.0 7 0.0 
83 69 0.0  Commodities: 0 0.0 1 5.413841779548852 2 0.0 3 0.0 4 0.0 5 0.0 6 0.0 7 0.0 
70 71 0.0  Commodities: 0 0.0 1 0.0 2 0.0 3 0.0 4 0.07973121390703049 5 0.0 6 0.0 7 0.0 
71 70 0.0  Commodities: 0 1.3685100688841763 1 0.0 2 0.0 3 0.0 4 0.0 5 0.0 6 0.0 7 0.0 
71 72 0.0  Commodities: 0 0.0 1 0.0 2 0.0 3 0.0 4 0.0797314867946512 5 0.0 6 0.0 7 0.0 
72 71 0.0  Commodities: 0 2.361030339242365 1 0.0 2 0.0 3 0.0 4 0.0 5 0.0 6 0.0 7 0.0 
72 73 0.0  Commodities: 0 0.0 1 0.0 2 0.0 3 0.0 4 0.7940157320985812 5 0.0 6 0.0 7 0.0 
73 72 0.0  Commodities: 0 4.609924283846452 1 0.0 2 0.0 3 0.0 4 0.0 5 0.0 6 0.0 7 0.0 
73 74 0.0  Commodities: 0 0.0 1 0.0 2 0.0 3 0.0 4 0.8485711965636641 5 0.0 6 0.0 7 0.0 
74 73 0.0  Commodities: 0 12.85808918776256 1 0.0 2 0.0 3 0.0 4 0.0 5 0.0 6 0.0 7 0.0 
74 75 0.0  Commodities: 0 0.0 1 0.0 2 0.0 3 0.0 4 0.8485711845782793 5 0.0 6 0.0 7 0.0 
75 74 0.0  Commodities: 0 12.422555824708065 1 0.0 2 0.0 3 0.0 4 0.0 5 0.0 6 0.0 7 0.0 
75 76 0.0  Commodities: 0 0.0 1 0.0 2 0.0 3 0.0 4 3.2485445490400906 5 0.0 6 0.0 7 0.0 
76 75 0.0  Commodities: 0 0.0 1 0.0 2 0.0 3 0.0 4 0.0 5 0.0 6 0.0 7 0.0 
76 77 0.0  Commodities: 0 0.0 1 0.0 2 0.0 3 0.0 4 3.2485445756052416 5 0.0 6 0.0 7 0.0 
77 76 0.0  Commodities: 0 0.0 1 0.0 2 0.0 3 0.0 4 0.0 5 0.0 6 0.0 7 0.0 
77 78 0.8467919323070703  Commodities: 0 0.0 1 0.0 2 3.998001218043924 3 0.0 4 5.8175706737378805 5 0.0 6 0.0 7 0.0 
78 77 0.0  Commodities: 0 0.0 1 0.0 2 0.0 3 0.0 4 0.0 5 0.0 6 0.06276104827019781 7 0.0 
78 79 1.9038079373894874  Commodities: 0 0.0 1 0.0 2 5.734334391858235 3 0.0 4 7.406219461864693 5 2.32595787879138 6 0.0 7 0.0 
79 78 0.0  Commodities: 0 0.0 1 0.0 2 0.0 3 0.0 4 0.0 5 0.0 6 0.0627610538955098 7 0.0 
79 80 0.0  Commodities: 0 0.0 1 0.0 2 8.324368291557503 3 0.0 4 9.88031409698242 5 5.426488214830534 6 0.0 7 0.0 
80 79 0.0  Commodities: 0 0.0 1 0.0 2 0.0 3 0.0 4 0.0 5 0.0 6 0.049956566075741546 7 0.41158511707979206 
80 81 0.0  Commodities: 0 0.0 1 0.0 2 3.0651287533679397 3 0.0 4 3.7298152674559035 5 2.4894181929499086 6 0.0 7 0.0 
81 80 0.0  Commodities: 0 0.0 1 0.0 2 0.0 3 0.0 4 0.0 5 0.0 6 0.0 7 0.6304406840394634 
81 82 0.0  Commodities: 0 0.0 1 0.0 2 0.0 3 0.0 4 0.0 5 0.0 6 0.0 7 0.0 
82 81 0.0  Commodities: 0 0.0 1 0.0 2 0.0 3 0.0 4 0.0 5 0.0 6 0.0 7 4.454423750058359 
82 83 0.0  Commodities: 0 0.0 1 0.0 2 0.0 3 0.0 4 0.0 5 0.0 6 0.0 7 0.0 
83 82 0.7057543212947053  Commodities: 0 0.0 1 9.586158221832529 2 0.0 3 0.0 4 0.0 5 0.0 6 0.0 7 0.0 
 Execution Time:  374959 ms
 true Commodity ID : 0 KP : 219.0791477035666 LP : 219.0791477035666
 true Commodity ID : 1 KP : 196.61433170965438 LP : 196.61433170965438
 true Commodity ID : 2 KP : 318.9230112367497 LP : 318.9230112367497
 true Commodity ID : 3 KP : 47.59785962873882 LP : 47.59785962873882
 true Commodity ID : 4 KP : 286.58122647225605 LP : 286.58122647225605
 true Commodity ID : 5 KP : 268.6143019196565 LP : 268.6143019196565
 true Commodity ID : 6 KP : 108.20893157754568 LP : 108.20893157754568
 true Commodity ID : 7 KP : 180.55043448074596 LP : 180.55043448074596

Number of Toll Stations: 100
SocialOptimum : 4638207.300729804
