0 1 0.3068648235774063  Commodities: 0 0.0 1 0.0 2 0.0 3 0.0 4 2.4524004410362115 5 0.0 6 0.0 7 0.0 8 0.0 
1 0 4.410208962453428  Commodities: 0 0.0 1 0.0 2 0.0 3 0.0 4 0.0 5 0.0 6 0.2598325360573594 7 0.0 8 0.0 
0 12 0.0  Commodities: 0 0.0 1 0.0 2 0.0 3 0.0 4 0.0 5 0.0 6 0.259832563968241 7 0.0 8 0.0 
12 0 0.0  Commodities: 0 0.0 1 0.0 2 0.0 3 0.0 4 2.4524004708510474 5 0.0 6 0.0 7 0.0 8 0.0 
1 2 0.0  Commodities: 0 0.0 1 0.0 2 0.0 3 0.0 4 5.332285884283281 5 0.0 6 0.0 7 0.0 8 0.0 
2 1 3.0267045609359258  Commodities: 0 0.0 1 0.0 2 0.0 3 0.0 4 0.0 5 0.0 6 5.095130985617065 7 0.0 8 0.0 
1 13 0.0  Commodities: 0 0.0 1 0.0 2 0.0 3 0.0 4 0.0 5 0.0 6 4.83529845468454 7 0.0 8 0.0 
13 1 1.527233522759154  Commodities: 0 0.0 1 0.0 2 0.0 3 0.0 4 2.879885448033359 5 0.0 6 0.0 7 0.0 8 0.0 
2 3 0.0  Commodities: 0 0.0 1 0.0 2 0.0 3 0.0 4 0.0 5 0.0 6 0.0 7 0.0 8 0.0 
3 2 0.0  Commodities: 0 0.0 1 0.0 2 0.0 3 0.0 4 4.4356152013347065 5 0.0 6 11.202794467476759 7 0.0 8 0.0 
2 14 5.241635523166117  Commodities: 0 0.0 1 0.0 2 0.0 3 0.0 4 0.0 5 0.0 6 6.1076634842837505 7 0.0 8 0.0 
14 2 4.213871793220946  Commodities: 0 0.0 1 0.0 2 0.0 3 0.0 4 41.23209892602539 5 0.0 6 0.0 7 0.0 8 0.0 
3 4 0.0  Commodities: 0 0.0 1 0.0 2 0.0 3 0.0 4 0.0 5 0.0 6 22.4769347102721 7 0.0 8 0.0 
4 3 0.0  Commodities: 0 0.0 1 0.0 2 0.0 3 0.0 4 3.7715949559950595 5 0.0 6 0.0 7 0.0 8 0.0 
3 15 3.1046085806708277  Commodities: 0 0.0 1 0.0 2 0.0 3 0.0 4 0.0 5 0.0 6 36.32027084421129 7 0.0 8 0.0 
15 3 5.054810019035514  Commodities: 0 0.0 1 0.0 2 0.0 3 0.0 4 0.6640202587969657 5 0.0 6 0.0 7 0.0 8 0.0 
4 5 0.0  Commodities: 0 0.0 1 0.0 2 0.0 3 0.0 4 0.0 5 0.0 6 3.810222313912347 7 0.0 8 0.0 
5 4 0.0  Commodities: 0 0.0 1 0.0 2 0.0 3 0.0 4 2.2180059606785063 5 0.0 6 0.0 7 0.0 8 0.0 
4 16 0.0  Commodities: 0 0.0 1 0.0 2 0.0 3 0.0 4 0.0 5 0.0 6 18.666712394233247 7 0.0 8 0.0 
16 4 2.903319521043006  Commodities: 0 0.0 1 0.0 2 0.0 3 0.0 4 1.5535889930300975 5 0.0 6 0.0 7 0.0 8 0.0 
5 6 0.5220654526625381  Commodities: 0 0.0 1 0.0 2 0.0 3 0.0 4 0.0 5 0.0 6 2.920497999302779 7 0.0 8 0.0 
6 5 0.0  Commodities: 0 0.0 1 0.0 2 0.0 3 0.0 4 0.0 5 0.0 6 0.0 7 0.7090635117116834 8 0.0 
5 17 2.533770987720324  Commodities: 0 0.0 1 0.0 2 0.0 3 0.0 4 0.0 5 0.0 6 0.8897243416774959 7 0.7090634884713665 8 0.0 
17 5 0.0  Commodities: 0 0.0 1 0.0 2 0.0 3 0.0 4 2.218005913202116 5 0.0 6 0.0 7 0.0 8 0.0 
6 7 0.0  Commodities: 0 0.0 1 0.0 2 0.0 3 0.0 4 0.0 5 0.0 6 0.0 7 0.0 8 0.2113194289719907 
7 6 0.0  Commodities: 0 0.0 1 0.0 2 0.0 3 0.0 4 0.0 5 0.0 6 0.0 7 1.191534514092789 8 0.0 
6 18 0.0  Commodities: 0 0.0 1 0.0 2 0.0 3 0.0 4 0.0 5 0.0 6 2.920497415834052 7 0.4824710231598306 8 0.0 
18 6 0.0  Commodities: 0 0.0 1 0.0 2 0.0 3 0.0 4 0.0 5 0.0 6 0.0 7 0.0 8 0.21131917320232788 
7 8 0.0  Commodities: 0 0.0 1 0.0 2 0.0 3 0.0 4 0.0 5 0.0 6 0.0 7 0.0 8 0.21131932460037428 
8 7 0.0  Commodities: 0 0.0 1 0.0 2 0.0 3 0.0 4 0.0 5 0.0 6 0.0 7 1.1915347352288381 8 0.0 
7 19 0.0  Commodities: 0 0.0 1 0.0 2 0.0 3 0.0 4 0.0 5 0.0 6 0.0 7 0.0 8 0.0 
19 7 0.0  Commodities: 0 0.0 1 0.0 2 0.0 3 0.0 4 0.0 5 0.0 6 0.0 7 0.0 8 0.0 
8 9 0.0  Commodities: 0 0.0 1 0.0 2 0.0 3 0.0 4 0.0 5 0.0 6 0.0 7 0.0 8 8.821955535649042 
9 8 7.897868859578082  Commodities: 0 0.0 1 0.0 2 0.0 3 0.0 4 0.0 5 0.0 6 0.0 7 0.34565474380379424 8 0.0 
8 20 0.0  Commodities: 0 0.0 1 0.0 2 0.0 3 0.0 4 0.0 5 0.0 6 0.0 7 0.0 8 0.0 
20 8 0.0  Commodities: 0 0.0 1 0.0 2 0.0 3 0.0 4 0.0 5 0.0 6 0.0 7 0.8458800186289757 8 8.610636237684739 
9 10 0.0  Commodities: 0 0.0 1 0.0 2 0.0 3 0.0 4 0.0 5 0.0 6 0.0 7 0.0 8 7.747903793070515 
10 9 0.0  Commodities: 0 0.0 1 0.0 2 0.0 3 0.0 4 0.0 5 0.0 6 0.0 7 0.34565471432524886 8 0.0 
9 21 0.0  Commodities: 0 0.0 1 0.0 2 0.0 3 0.0 4 0.0 5 0.0 6 0.0 7 0.0 8 1.0740517595309185 
21 9 0.0  Commodities: 0 0.0 1 0.0 2 0.0 3 0.0 4 0.0 5 0.0 6 0.0 7 0.0 8 0.0 
10 11 0.0  Commodities: 0 0.0 1 0.0 2 0.0 3 0.0 4 0.0 5 0.0 6 0.0 7 0.0 8 0.0 
11 10 0.0  Commodities: 0 0.0 1 0.0 2 0.0 3 0.0 4 0.0 5 0.0 6 0.0 7 0.0 8 1.3474654442904627E-6 
10 22 0.7475755542756986  Commodities: 0 0.0 1 0.0 2 0.0 3 0.0 4 0.0 5 0.0 6 0.0 7 0.0 8 7.7479050402580905 
22 10 0.0  Commodities: 0 0.0 1 0.0 2 0.0 3 0.0 4 0.0 5 0.0 6 0.0 7 0.34565463377763095 8 0.0 
11 23 0.0  Commodities: 0 0.0 1 0.0 2 0.0 3 0.0 4 0.0 5 0.0 6 0.0 7 0.0 8 0.0 
23 11 0.0  Commodities: 0 0.0 1 0.0 2 0.0 3 0.0 4 0.0 5 0.0 6 0.0 7 0.0 8 1.25523822760221E-6 
12 13 0.0  Commodities: 0 0.0 1 0.0 2 0.0 3 0.0 4 0.0 5 0.0 6 0.0 7 0.0 8 0.0 
13 12 0.0  Commodities: 0 0.0 1 0.0 2 0.0 3 0.0 4 1.3289709046350666 5 0.0 6 3.1938748227641636 7 0.0 8 0.0 
12 24 0.0  Commodities: 0 0.0 1 0.0 2 0.0 3 0.0 4 0.0 5 0.0 6 3.453707350901557 7 0.0 8 0.0 
24 12 0.8790230505264702  Commodities: 0 0.0 1 0.0 2 0.0 3 0.0 4 1.1234295513160968 5 0.0 6 0.0 7 0.0 8 0.0 
13 14 0.0  Commodities: 0 0.0 1 0.0 2 0.0 3 0.0 4 1.8562117395630684 5 0.0 6 0.0 7 0.0 8 0.0 
14 13 0.0  Commodities: 0 0.0 1 0.0 2 0.0 3 0.0 4 0.0 5 0.0 6 3.676295404296702 7 0.0 8 0.0 
13 25 0.0  Commodities: 0 0.0 1 0.0 2 0.0 3 0.0 4 0.0 5 0.0 6 5.317719044740623 7 0.0 8 0.0 
25 13 0.0  Commodities: 0 0.0 1 0.0 2 0.0 3 0.0 4 6.065068078453068 5 0.0 6 0.0 7 0.0 8 0.0 
14 15 0.0  Commodities: 0 0.0 1 0.0 2 0.0 3 0.0 4 0.0 5 0.0 6 0.0 7 0.0 8 0.0 
15 14 0.0  Commodities: 0 0.0 1 0.0 2 0.0 3 0.0 4 0.0 5 0.0 6 2.369675782675322 7 0.0 8 0.0 
14 26 2.206435521609267  Commodities: 0 0.0 1 0.0 2 0.0 3 0.0 4 0.0 5 0.0 6 4.801043864074936 7 0.0 8 0.0 
26 14 1.8183363098046748  Commodities: 0 0.0 1 0.0 2 0.0 3 0.0 4 39.375887191828944 5 0.0 6 0.0 7 0.0 8 0.0 
15 16 0.0  Commodities: 0 0.0 1 0.0 2 0.0 3 0.0 4 0.0 5 0.0 6 0.0 7 0.0 8 0.0 
16 15 0.0  Commodities: 0 0.0 1 0.0 2 0.0 3 0.0 4 0.3586790516128234 5 0.0 6 5.776283195600855 7 0.0 8 0.0 
15 27 1.880142037759759  Commodities: 0 0.0 1 0.0 2 0.0 3 0.0 4 0.0 5 0.0 6 39.7268782118472 7 0.0 8 0.0 
27 15 2.8725445843931183  Commodities: 0 0.0 1 0.0 2 0.0 3 0.0 4 0.305341255907987 5 0.0 6 0.0 7 0.0 8 0.0 
16 17 0.0  Commodities: 0 0.0 1 0.0 2 0.0 3 0.0 4 0.0 5 0.0 6 4.93567236602523 7 0.0 8 0.0 
17 16 0.0  Commodities: 0 0.0 1 0.0 2 0.0 3 0.0 4 0.0 5 0.0 6 0.0 7 0.0 8 0.0 
16 28 0.0  Commodities: 0 0.0 1 0.0 2 0.0 3 0.0 4 0.0 5 0.0 6 7.954756892566618 7 0.0 8 0.0 
28 16 0.0  Commodities: 0 0.0 1 0.0 2 0.0 3 0.0 4 1.9122680066219233 5 0.0 6 0.0 7 0.0 8 0.0 
17 18 0.0  Commodities: 0 0.0 1 0.0 2 0.0 3 0.0 4 0.0 5 0.0 6 2.90731763049228 7 0.0 8 0.0 
18 17 0.0  Commodities: 0 0.0 1 0.0 2 0.0 3 0.0 4 0.0 5 0.0 6 0.0 7 0.0 8 0.0 
17 29 0.544590817132601  Commodities: 0 0.0 1 0.0 2 0.0 3 0.0 4 0.0 5 0.0 6 2.918079071569658 7 0.7090635084985366 8 0.0 
29 17 0.0  Commodities: 0 0.0 1 0.0 2 0.0 3 0.0 4 2.218005916661025 5 0.0 6 0.0 7 0.0 8 0.0 
18 19 1.4133303051405548  Commodities: 0 0.0 1 0.0 2 0.0 3 0.0 4 0.0 5 0.0 6 0.0 7 0.0 8 3.1445912960604216 
19 18 0.0  Commodities: 0 0.0 1 0.0 2 0.0 3 0.0 4 0.0 5 0.0 6 0.0 7 2.340429861983419 8 0.0 
18 30 0.3164708199884956  Commodities: 0 0.0 1 0.0 2 0.0 3 0.0 4 0.0 5 0.0 6 5.827815033007284 7 2.822900833986009 8 0.0 
30 18 0.0  Commodities: 0 0.0 1 0.0 2 0.0 3 0.0 4 0.0 5 0.0 6 0.0 7 0.0 8 3.3559102901640196 
19 20 0.0  Commodities: 0 0.0 1 0.0 2 0.0 3 0.0 4 0.0 5 0.0 6 0.0 7 0.0 8 12.921952496918172 
20 19 4.677326993405886  Commodities: 0 0.0 1 0.0 2 0.0 3 0.0 4 0.0 5 0.0 6 0.0 7 5.384644914346191 8 0.0 
19 31 0.0  Commodities: 0 0.0 1 0.0 2 0.0 3 0.0 4 0.0 5 0.0 6 0.0 7 3.0442152859673937 8 0.0 
31 19 10.649930211385023  Commodities: 0 0.0 1 0.0 2 0.0 3 0.0 4 0.0 5 0.0 6 0.0 7 0.0 8 9.777361108735844 
20 21 8.998603116531754  Commodities: 0 0.0 1 0.0 2 0.0 3 0.0 4 0.0 5 0.0 6 0.0 7 0.0 8 6.257850199302204 
21 20 11.947739204574326  Commodities: 0 0.0 1 0.0 2 0.0 3 0.0 4 0.0 5 0.0 6 0.0 7 6.230524936654848 8 0.0 
20 32 0.0  Commodities: 0 0.0 1 0.0 2 0.0 3 0.0 4 0.0 5 0.0 6 0.0 7 0.0 8 0.0 
32 20 7.020541520632069  Commodities: 0 0.0 1 0.0 2 0.0 3 0.0 4 0.0 5 0.0 6 0.0 7 0.0 8 1.9465339223345814 
21 22 0.0  Commodities: 0 0.0 1 0.0 2 0.0 3 0.0 4 0.0 5 0.0 6 0.0 7 0.0 8 0.0 
22 21 0.0  Commodities: 0 0.0 1 0.0 2 0.0 3 0.0 4 0.0 5 0.0 6 0.0 7 9.27743944112599 8 35.231537886188285 
21 33 0.0  Commodities: 0 0.0 1 0.0 2 0.0 3 0.0 4 0.0 5 0.0 6 0.0 7 3.046914444505017 8 0.0 
33 21 14.152502681129263  Commodities: 0 0.0 1 0.0 2 0.0 3 0.0 4 0.0 5 0.0 6 0.0 7 0.0 8 10.436560194089035 
22 23 0.0  Commodities: 0 0.0 1 0.0 2 0.0 3 0.0 4 0.0 5 0.0 6 0.0 7 0.0 8 0.0 
23 22 0.0  Commodities: 0 0.0 1 0.0 2 0.0 3 0.0 4 0.0 5 0.0 6 0.0 7 0.0 8 12.632879011267795 
22 34 0.0  Commodities: 0 0.0 1 0.0 2 0.0 3 0.0 4 0.0 5 0.0 6 0.0 7 4.376905881886559 8 0.0 
34 22 10.657584081284671  Commodities: 0 0.0 1 0.0 2 0.0 3 0.0 4 0.0 5 0.0 6 0.0 7 0.0 8 14.850753841272498 
23 35 0.0  Commodities: 0 0.0 1 0.0 2 0.0 3 0.0 4 0.0 5 0.0 6 0.0 7 0.0 8 0.0 
35 23 4.661828241945464  Commodities: 0 0.0 1 0.0 2 0.0 3 0.0 4 0.0 5 0.0 6 0.0 7 0.0 8 12.632880256383283 
24 25 0.0  Commodities: 0 0.0 1 5.187209919921756 2 0.0 3 0.0 4 0.0 5 0.0 6 0.0 7 0.0 8 0.0 
25 24 1.874908990345915  Commodities: 0 0.0 1 0.0 2 0.0 3 0.0 4 1.1234294483087732 5 0.0 6 1.1800664515864203 7 0.0 8 0.0 
24 36 0.0  Commodities: 0 0.0 1 0.0 2 0.0 3 0.0 4 0.0 5 0.0 6 4.633773789233044 7 0.0 8 0.0 
36 24 1.4952831247553826  Commodities: 0 0.0 1 5.187209970372229 2 0.0 3 0.0 4 0.0 5 0.0 6 0.0 7 0.0 8 0.0 
25 26 8.882738141269343  Commodities: 0 0.0 1 4.743396872669405 2 0.0 3 0.0 4 0.0 5 0.0 6 0.0 7 0.0 8 0.0 
26 25 0.0  Commodities: 0 0.0 1 0.0 2 0.0 3 0.0 4 3.6501365124369585 5 0.0 6 5.411193148884423 7 0.0 8 0.0 
25 37 14.957878430486247  Commodities: 0 0.0 1 0.4438130326458101 2 0.0 3 0.0 4 0.0 5 0.0 6 9.548845737873837 7 0.0 8 0.0 
37 25 0.0  Commodities: 0 0.0 1 0.0 2 0.0 3 0.0 4 3.53836100230174 5 0.0 6 0.0 7 0.0 8 0.0 
26 27 0.0  Commodities: 0 0.0 1 2.478388150576199 2 0.0 3 0.0 4 0.0 5 0.0 6 0.0 7 0.0 8 0.0 
27 26 0.0  Commodities: 0 0.0 1 0.0 2 0.0 3 0.0 4 5.602020364523587 5 0.0 6 35.16612573603723 7 0.0 8 0.0 
26 38 7.540203128164727  Commodities: 0 0.0 1 2.265008740212182 2 0.0 3 0.0 4 0.0 5 0.0 6 34.55597643921137 7 0.0 8 0.0 
38 26 7.430646455197078  Commodities: 0 0.0 1 0.0 2 0.0 3 0.0 4 37.424003349116816 5 0.0 6 0.0 7 0.0 8 0.0 
27 28 0.0  Commodities: 0 0.0 1 0.22290516104101304 2 0.0 3 0.0 4 0.0 5 0.0 6 0.0 7 0.0 8 0.0 
28 27 0.0  Commodities: 0 0.0 1 0.0 2 0.0 3 15.977366719188971 4 0.0 5 0.0 6 0.0 7 0.0 8 0.0 
27 39 6.614055891495418  Commodities: 0 0.0 1 2.2554829861611374 2 0.0 3 0.0 4 0.0 5 0.0 6 4.560752646026952 7 0.0 8 0.0 
39 27 2.284637937909345  Commodities: 0 0.0 1 0.0 2 0.0 3 7.022633179902422 4 5.907361621632167 5 0.0 6 0.0 7 0.0 8 0.0 
28 29 0.0  Commodities: 0 0.0 1 0.0 2 0.0 3 0.0 4 2.2180058871348867 5 0.0 6 0.0 7 0.0 8 0.0 
29 28 2.4175966632984256  Commodities: 0 0.0 1 0.0 2 0.0 3 1.5646536964758846 4 0.0 5 0.0 6 0.0 7 0.0 8 0.0 
28 40 9.485738328165098  Commodities: 0 0.0 1 0.2229049956419834 2 0.0 3 0.0 4 0.0 5 0.0 6 7.954756715683783 7 0.0 8 0.0 
40 28 0.0  Commodities: 0 0.0 1 0.0 2 0.0 3 14.412712988707568 4 4.130273870381976 5 0.0 6 0.0 7 0.0 8 0.0 
29 30 0.0  Commodities: 0 0.0 1 0.0 2 20.853112618990746 3 0.0 4 0.0 5 0.0 6 0.0 7 0.0 8 0.0 
30 29 2.449863153996347  Commodities: 0 0.0 1 0.0 2 0.0 3 0.0 4 0.0 5 0.0 6 0.0 7 12.21178231890685 8 0.0 
29 41 1.0211584689583262  Commodities: 0 0.0 1 0.0 2 0.0 3 0.0 4 0.0 5 0.0 6 2.9180791166650284 7 0.0 8 0.0 
41 29 3.0851774369876708  Commodities: 0 0.0 1 0.0 2 20.853112828326147 3 1.5646536411659806 4 0.0 5 0.0 6 0.0 7 1.0791541317710358 8 0.0 
30 31 0.0  Commodities: 0 0.0 1 0.0 2 0.0 3 0.0 4 0.0 5 0.0 6 0.0 7 0.0 8 0.0 
31 30 0.0  Commodities: 0 0.0 1 0.0 2 20.868540738125134 3 0.0 4 0.0 5 0.0 6 0.0 7 9.38888150298041 8 3.355910281587047 
30 42 0.0  Commodities: 0 0.0 1 0.0 2 0.0 3 0.0 4 0.0 5 0.0 6 5.827815021336757 7 0.0 8 0.0 
42 30 10.184194383398669  Commodities: 0 0.0 1 0.0 2 38.27834641611229 3 0.0 4 0.0 5 0.0 6 0.0 7 0.0 8 0.0 
31 32 0.0  Commodities: 0 0.0 1 0.0 2 0.0 3 0.0 4 0.0 5 0.0 6 0.0 7 0.0 8 1.0078009465044793 
32 31 11.865443838184841  Commodities: 0 0.0 1 0.0 2 0.0 3 0.0 4 0.0 5 0.0 6 0.0 7 6.344666200402789 8 0.0 
31 43 0.0  Commodities: 0 0.0 1 0.0 2 0.0 3 0.0 4 0.0 5 0.0 6 0.0 7 0.0 8 0.0 
43 31 0.0  Commodities: 0 0.0 1 0.0 2 20.868540715567253 3 0.0 4 0.0 5 0.0 6 0.0 7 0.0 8 14.1410723244524 
32 33 0.0  Commodities: 0 0.0 1 0.0 2 0.0 3 0.0 4 0.0 5 0.0 6 0.0 7 0.0 8 12.672769547428953 
33 32 3.6781706471774847  Commodities: 0 0.0 1 0.0 2 0.0 3 0.0 4 0.0 5 0.0 6 0.0 7 6.411774549129744 8 0.0 
32 44 0.0  Commodities: 0 0.0 1 0.0 2 0.0 3 0.0 4 0.0 5 0.0 6 0.0 7 0.06710838900237821 8 0.0 
44 32 2.5442716124254403  Commodities: 0 0.0 1 0.0 2 0.0 3 0.0 4 0.0 5 0.0 6 0.0 7 0.0 8 13.61150252539087 
33 34 1.5383879162668492  Commodities: 0 0.0 1 0.0 2 0.0 3 0.0 4 0.0 5 0.0 6 0.0 7 0.0 8 14.012746185142602 
34 33 1.8234554128122085  Commodities: 0 0.0 1 0.0 2 0.0 3 0.0 4 0.0 5 0.0 6 0.0 7 4.376905799713499 8 0.0 
33 45 0.0  Commodities: 0 0.0 1 0.0 2 0.0 3 0.0 4 0.0 5 0.0 6 0.0 7 1.0120457010402382 8 0.0 
45 33 4.691697680877134  Commodities: 0 0.0 1 0.0 2 0.0 3 0.0 4 0.0 5 0.0 6 0.0 7 0.0 8 11.776536837357261 
34 35 0.0  Commodities: 0 0.0 1 0.0 2 0.0 3 0.0 4 0.0 5 0.0 6 0.0 7 0.0 8 0.0 
35 34 0.0  Commodities: 0 0.0 1 0.0 2 0.0 3 0.0 4 0.0 5 0.0 6 0.0 7 0.0 8 0.0 
34 46 0.0  Commodities: 0 0.0 1 0.0 2 0.0 3 0.0 4 0.0 5 0.0 6 0.0 7 0.0 8 0.0 
46 34 0.0  Commodities: 0 0.0 1 0.0 2 0.0 3 0.0 4 0.0 5 0.0 6 0.0 7 0.0 8 0.8380076707715566 
35 47 0.0  Commodities: 0 0.0 1 0.0 2 0.0 3 0.0 4 0.0 5 0.0 6 0.0 7 0.0 8 0.0 
47 35 0.0  Commodities: 0 0.0 1 0.0 2 0.0 3 0.0 4 0.0 5 0.0 6 0.0 7 0.0 8 12.632880277077245 
36 37 22.11951297853615  Commodities: 0 0.0 1 6.94247875560501 2 0.0 3 0.0 4 0.0 5 0.0 6 0.0 7 0.0 8 0.0 
37 36 0.0  Commodities: 0 0.0 1 0.0 2 0.0 3 0.0 4 0.0 5 0.0 6 0.0 7 0.0 8 0.0 
36 48 15.333106729252407  Commodities: 0 0.0 1 32.87031128345309 2 0.0 3 0.0 4 0.0 5 0.0 6 4.63377379307786 7 0.0 8 0.0 
48 36 0.0  Commodities: 0 0.0 1 0.0 2 0.0 3 0.0 4 0.0 5 0.0 6 0.0 7 0.0 8 0.0 
37 38 0.0  Commodities: 0 0.0 1 1.5088306720876437 2 0.0 3 0.0 4 0.0 5 0.0 6 0.0 7 0.0 8 0.0 
38 37 6.732452613781606  Commodities: 0 0.0 1 0.0 2 0.0 3 0.0 4 3.5383611006369633 5 0.0 6 18.368365403145237 7 0.0 8 0.0 
37 49 0.0  Commodities: 0 0.0 1 5.877461127043915 2 0.0 3 0.0 4 0.0 5 0.0 6 27.91721113284456 7 0.0 8 0.0 
49 37 0.0  Commodities: 0 0.0 1 0.0 2 0.0 3 0.0 4 0.0 5 0.0 6 0.0 7 0.0 8 0.0 
38 39 0.0  Commodities: 0 0.0 1 0.0 2 0.0 3 0.0 4 10.037635509130826 5 0.0 6 0.0 7 0.0 8 0.0 
39 38 0.0  Commodities: 0 0.0 1 0.0 2 0.0 3 0.0 4 0.0 5 0.0 6 11.587420387928399 7 0.0 8 0.0 
38 50 0.39311819449278573  Commodities: 0 0.0 1 3.773839415072584 2 0.0 3 0.0 4 0.0 5 0.0 6 27.77503143205065 7 0.0 8 0.0 
50 38 0.0  Commodities: 0 0.0 1 0.0 2 0.0 3 0.0 4 0.0 5 0.0 6 0.0 7 0.0 8 0.0 
39 40 0.0  Commodities: 0 0.0 1 0.45709913037926464 2 0.0 3 0.0 4 4.130273899393442 5 0.0 6 0.0 7 0.0 8 0.0 
40 39 0.6859421991777168  Commodities: 0 0.0 1 0.0 2 0.0 3 0.0 4 0.0 5 0.0 6 7.0266677580156784 7 0.0 8 0.0 
39 51 4.6219398448432045  Commodities: 0 0.0 1 1.7983838713279867 2 0.0 3 0.0 4 0.0 5 0.0 6 0.0 7 0.0 8 0.0 
51 39 0.0  Commodities: 0 0.0 1 0.0 2 0.0 3 7.022633135295294 4 0.0 5 0.0 6 0.0 7 0.0 8 0.0 
40 41 0.0  Commodities: 0 0.0 1 0.0 2 0.0 3 0.0 4 0.0 5 0.0 6 0.0 7 0.0 8 0.0 
41 40 3.4942100933902083  Commodities: 0 0.0 1 0.0 2 0.0 3 7.822927496030143 4 0.0 5 0.0 6 0.0 7 0.0 8 0.0 
40 52 0.0  Commodities: 0 0.0 1 0.6800041162309172 2 0.0 3 0.0 4 0.0 5 0.0 6 0.9280889814833824 7 0.0 8 0.0 
52 40 0.0  Commodities: 0 0.0 1 0.0 2 0.0 3 6.589785537645352 4 0.0 5 0.0 6 0.0 7 0.0 8 0.0 
41 42 0.0  Commodities: 0 0.0 1 0.0 2 0.0 3 0.0 4 0.0 5 0.0 6 0.0 7 0.0 8 0.0 
42 41 0.0  Commodities: 0 0.0 1 0.0 2 20.853112862602003 3 15.495965629070351 4 0.0 5 0.0 6 4.912629346881201 7 1.0791541180845456 8 0.0 
41 53 0.0  Commodities: 0 0.0 1 0.0 2 0.0 3 6.108384511927665 4 0.0 5 0.0 6 7.830708464362915 7 0.0 8 0.0 
53 41 0.0  Commodities: 0 0.0 1 0.0 2 0.0 3 0.0 4 0.0 5 0.0 6 0.0 7 0.0 8 0.0 
42 43 0.0  Commodities: 0 0.0 1 0.0 2 20.868538579741653 3 0.0 4 0.0 5 0.0 6 0.0 7 0.0 8 0.0 
43 42 9.779194097173558  Commodities: 0 0.0 1 0.0 2 0.0 3 9.21409945928349 4 0.0 5 0.0 6 0.0 7 0.9842409269537176 8 0.0 
42 54 0.6543085988381696  Commodities: 0 0.0 1 0.0 2 2.182936200275019E-6 3 0.0 4 0.0 5 0.0 6 0.915185726841336 7 0.0 8 0.0 
54 42 0.0  Commodities: 0 0.0 1 0.0 2 0.0 3 6.281866186643259 4 0.0 5 0.0 6 0.0 7 0.09491320493631063 8 0.0 
43 44 0.1812889138870375  Commodities: 0 0.0 1 0.0 2 0.0 3 0.0 4 0.0 5 0.0 6 0.0 7 0.0 8 25.388039588996893 
44 43 0.0  Commodities: 0 0.0 1 0.0 2 0.0 3 9.247597171877073 4 0.0 5 0.0 6 0.0 7 1.0791541670651352 8 0.0 
43 55 0.0  Commodities: 0 0.0 1 0.0 2 0.0 3 0.033497653771293164 4 0.0 5 0.0 6 0.0 7 0.09491322770807464 8 0.0 
55 43 0.0  Commodities: 0 0.0 1 0.0 2 2.1406458792101984E-6 3 0.0 4 0.0 5 0.0 6 0.0 7 0.0 8 39.52911190691482 
44 45 2.8647480355961044  Commodities: 0 0.0 1 0.0 2 0.0 3 0.0 4 0.0 5 0.0 6 0.0 7 0.0 8 11.776536833773518 
45 44 0.0  Commodities: 0 0.0 1 0.0 2 0.0 3 0.0 4 0.0 5 0.0 6 0.0 7 1.0120457849114328 8 0.0 
44 56 0.0  Commodities: 0 0.0 1 0.0 2 0.0 3 0.0 4 0.0 5 0.0 6 0.0 7 0.0 8 0.0 
56 44 3.205417206241613  Commodities: 0 0.0 1 0.0 2 0.0 3 9.24759706065835 4 0.0 5 0.0 6 0.0 7 0.0 8 0.0 
45 46 0.0  Commodities: 0 0.0 1 0.0 2 0.0 3 0.0 4 0.0 5 0.0 6 0.0 7 0.0 8 0.0 
46 45 8.109518391289473  Commodities: 0 0.0 1 0.0 2 0.0 3 0.0 4 0.0 5 71.05985258838871 6 0.0 7 0.0 8 0.0 
45 57 0.0  Commodities: 0 0.0 1 0.0 2 0.0 3 0.0 4 0.0 5 0.0 6 0.0 7 0.0 8 0.0 
57 45 0.0  Commodities: 0 0.0 1 0.0 2 0.0 3 0.0 4 0.0 5 3.940147344899548 6 0.0 7 0.0 8 0.0 
46 47 0.6376515913039249  Commodities: 0 0.0 1 0.0 2 0.0 3 0.0 4 0.0 5 0.0 6 0.0 7 0.0 8 8.271674647949709 
47 46 0.0  Commodities: 0 0.0 1 0.0 2 0.0 3 0.0 4 0.0 5 0.0 6 0.0 7 0.0 8 0.0 
46 58 0.0  Commodities: 0 0.0 1 0.0 2 0.0 3 0.0 4 0.0 5 3.940147328550958 6 0.0 7 0.0 8 0.0 
58 46 0.0  Commodities: 0 0.0 1 0.0 2 0.0 3 0.0 4 0.0 5 0.0 6 0.0 7 0.0 8 9.10968229621648 
47 59 0.0  Commodities: 0 0.0 1 0.0 2 0.0 3 0.0 4 0.0 5 0.0 6 0.0 7 0.0 8 0.0 
59 47 0.0  Commodities: 0 0.0 1 0.0 2 0.0 3 0.0 4 0.0 5 0.0 6 0.0 7 0.0 8 4.3612056175229945 
48 49 7.809334686773205  Commodities: 0 0.0 1 9.338873480469639 2 0.0 3 0.0 4 0.0 5 0.0 6 0.0 7 0.0 8 0.0 
49 48 0.0  Commodities: 0 0.0 1 0.0 2 0.0 3 0.0 4 0.0 5 0.0 6 62.966419836199904 7 0.0 8 0.0 
48 60 0.0  Commodities: 0 0.0 1 23.53143781161181 2 0.0 3 0.0 4 0.0 5 0.0 6 0.0 7 0.0 8 0.0 
60 48 0.0  Commodities: 0 0.0 1 0.0 2 0.0 3 0.0 4 0.0 5 0.0 6 2.3998063870017847 7 0.0 8 0.0 
49 50 0.0  Commodities: 0 0.0 1 0.0 2 0.0 3 0.0 4 0.0 5 0.0 6 0.0 7 0.0 8 0.0 
50 49 8.906639923666745  Commodities: 0 0.0 1 0.0 2 0.0 3 0.0 4 0.0 5 0.0 6 27.9349101175938 7 0.0 8 0.0 
49 61 16.371679528154964  Commodities: 0 0.0 1 15.21633458676788 2 0.0 3 0.0 4 0.0 5 0.0 6 0.0 7 0.0 8 0.0 
61 49 0.0  Commodities: 0 0.0 1 0.0 2 0.0 3 0.0 4 0.0 5 0.0 6 7.114298602062718 7 0.0 8 0.0 
50 51 0.0  Commodities: 0 0.0 1 0.0 2 0.0 3 0.0 4 0.0 5 0.0 6 0.0 7 0.0 8 0.0 
51 50 0.0  Commodities: 0 0.0 1 0.0 2 0.0 3 0.0 4 0.0 5 0.0 6 0.15987864645776048 7 0.0 8 0.0 
50 62 11.177774193646997  Commodities: 0 0.0 1 3.773839408683138 2 0.0 3 0.0 4 0.0 5 0.0 6 0.0 7 0.0 8 0.0 
62 50 0.0  Commodities: 0 0.0 1 0.0 2 0.0 3 0.0 4 0.0 5 0.0 6 0.0 7 0.0 8 0.0 
51 52 0.0  Commodities: 0 0.0 1 0.0 2 0.0 3 0.0 4 0.0 5 0.0 6 0.0 7 0.0 8 0.0 
52 51 0.0  Commodities: 0 0.0 1 0.0 2 0.0 3 6.785337712808547 4 0.0 5 0.0 6 0.15987873374711845 7 0.0 8 0.0 
51 63 0.0  Commodities: 0 0.0 1 1.7983840150993924 2 0.0 3 0.0 4 0.0 5 0.0 6 0.0 7 0.0 8 0.0 
63 51 1.1812811347707424  Commodities: 0 0.0 1 0.0 2 0.0 3 0.23729544642534514 4 0.0 5 0.0 6 0.0 7 0.0 8 0.0 
52 53 0.0  Commodities: 0 0.0 1 0.0 2 0.0 3 0.0 4 0.0 5 0.0 6 0.0 7 0.0 8 0.0 
53 52 0.0  Commodities: 0 0.0 1 0.0 2 0.0 3 11.332998365702483 4 0.0 5 0.0 6 6.688282490181023 7 0.0 8 0.0 
52 64 0.0  Commodities: 0 0.0 1 0.6800040648176928 2 0.0 3 0.0 4 0.0 5 0.0 6 7.4564927569923665 7 0.0 8 0.0 
64 52 0.0  Commodities: 0 0.0 1 0.0 2 0.0 3 2.0421248793292506 4 0.0 5 0.0 6 0.0 7 0.0 8 0.0 
53 54 0.0  Commodities: 0 0.0 1 0.0 2 0.0 3 0.0 4 0.0 5 0.0 6 0.0 7 0.0 8 0.0 
54 53 5.602542695174083  Commodities: 0 0.0 1 0.0 2 0.0 3 5.224613882794276 4 0.0 5 0.0 6 0.0 7 0.0 8 0.0 
53 65 0.0  Commodities: 0 0.0 1 0.0 2 0.0 3 0.0 4 0.0 5 0.0 6 1.1424259812558621 7 0.0 8 0.0 
65 53 0.0  Commodities: 0 0.0 1 0.0 2 0.0 3 0.0 4 0.0 5 0.0 6 0.0 7 0.0 8 0.0 
54 55 0.0  Commodities: 0 0.0 1 0.0 2 2.154647679625623E-6 3 0.0 4 0.0 5 0.0 6 0.0 7 0.0 8 0.0 
55 54 0.0  Commodities: 0 0.0 1 0.0 2 0.0 3 11.506480077673764 4 0.0 5 0.0 6 0.0 7 0.09491323419132347 8 0.0 
54 66 0.0  Commodities: 0 0.0 1 0.0 2 0.0 3 0.0 4 0.0 5 0.0 6 0.9151862184983074 7 0.0 8 0.0 
66 54 0.0  Commodities: 0 0.0 1 0.0 2 0.0 3 0.0 4 0.0 5 0.0 6 0.0 7 0.0 8 0.0 
55 56 6.930365115374549  Commodities: 0 0.0 1 0.0 2 0.0 3 0.0 4 0.0 5 0.0 6 0.0 7 0.0 8 2.292386224496971 
56 55 9.706741346534798  Commodities: 0 0.0 1 0.0 2 0.0 3 10.127390713040208 4 0.0 5 0.0 6 0.0 7 0.0 8 0.0 
55 67 0.0  Commodities: 0 0.0 1 0.0 2 0.0 3 0.0 4 0.0 5 0.0 6 0.0 7 0.0 8 11.178501458260914 
67 55 0.0  Commodities: 0 0.0 1 0.0 2 0.0 3 1.3455917197986855 4 0.0 5 0.0 6 0.0 7 0.0 8 0.0 
56 57 0.0  Commodities: 0 0.0 1 0.0 2 0.0 3 0.0 4 0.0 5 0.0 6 0.0 7 0.0 8 11.245141952954219 
57 56 0.0  Commodities: 0 0.8259226556637849 1 0.0 2 0.0 3 0.0 4 0.0 5 0.0 6 0.0 7 0.0 8 0.0 
56 68 0.0  Commodities: 0 0.8259230823047508 1 0.0 2 0.0 3 3.6250120370259453 4 0.0 5 0.0 6 0.0 7 0.0 8 0.0 
68 56 0.0  Commodities: 0 0.0 1 0.0 2 0.0 3 0.0 4 0.0 5 0.0 6 0.0 7 0.0 8 8.95275551043145 
57 58 3.9526468722192583  Commodities: 0 0.0 1 0.0 2 0.0 3 0.0 4 0.0 5 0.0 6 0.0 7 0.0 8 11.245142155761304 
58 57 1.032478872069289  Commodities: 0 0.0 1 0.0 2 0.0 3 0.0 4 0.0 5 3.6656298567921084 6 0.0 7 0.0 8 0.0 
57 69 0.0  Commodities: 0 0.0 1 0.0 2 0.0 3 0.0 4 0.0 5 0.0 6 0.0 7 0.0 8 0.0 
69 57 0.0  Commodities: 0 0.825923083509662 1 0.0 2 0.0 3 0.0 4 0.0 5 0.27451751610800385 6 0.0 7 0.0 8 0.0 
58 59 0.0  Commodities: 0 0.0 1 0.0 2 0.0 3 0.0 4 0.0 5 0.0 6 0.0 7 0.0 8 2.544059825783869 
59 58 0.0  Commodities: 0 0.0 1 0.0 2 0.0 3 0.0 4 0.0 5 0.0 6 0.0 7 0.0 8 0.0 
58 70 0.0  Commodities: 0 0.0 1 0.0 2 0.0 3 0.0 4 0.0 5 0.27451745795014204 6 0.0 7 0.0 8 0.0 
70 58 0.0  Commodities: 0 0.0 1 0.0 2 0.0 3 0.0 4 0.0 5 0.0 6 0.0 7 0.0 8 0.40859996756123795 
59 71 0.0  Commodities: 0 0.0 1 0.0 2 0.0 3 0.0 4 0.0 5 0.0 6 0.0 7 0.0 8 0.0 
71 59 0.9333055290120935  Commodities: 0 0.0 1 0.0 2 0.0 3 0.0 4 0.0 5 0.0 6 0.0 7 0.0 8 1.8171458101545197 
60 61 21.97500453451366  Commodities: 0 0.0 1 23.531437804756102 2 0.0 3 0.0 4 0.0 5 0.0 6 0.0 7 0.0 8 0.0 
61 60 0.32144380427195074  Commodities: 0 0.0 1 0.0 2 0.0 3 0.0 4 0.0 5 0.0 6 2.3998063797651814 7 0.0 8 0.0 
61 62 0.0  Commodities: 0 0.0 1 38.74777239723804 2 0.0 3 0.0 4 0.0 5 0.0 6 0.0 7 0.0 8 0.0 
62 61 0.0  Commodities: 0 0.0 1 0.0 2 0.0 3 0.0 4 0.0 5 0.0 6 9.514104987644378 7 0.0 8 0.0 
62 63 0.0  Commodities: 0 0.0 1 0.0 2 0.0 3 0.0 4 0.0 5 0.0 6 0.0 7 0.0 8 0.0 
63 62 0.0  Commodities: 0 0.0 1 2.4783882261775627 2 0.0 3 0.0 4 0.0 5 0.0 6 9.514105033892994 7 0.0 8 0.0 
63 64 0.0  Commodities: 0 0.0 1 0.0 2 0.0 3 0.0 4 0.0 5 0.0 6 0.0 7 0.0 8 0.0 
64 63 0.3561296139822687  Commodities: 0 0.0 1 0.6800042322211174 2 0.0 3 0.2372954896903343 4 0.0 5 0.0 6 9.514104959644783 7 0.0 8 0.0 
64 65 0.0  Commodities: 0 0.0 1 0.0 2 0.0 3 0.0 4 0.0 5 0.0 6 0.0 7 0.0 8 0.0 
65 64 2.2173663856720367  Commodities: 0 0.0 1 0.0 2 0.0 3 2.279420350646966 4 0.0 5 0.0 6 2.057612219059155 7 0.0 8 0.0 
65 66 0.0  Commodities: 0 0.0 1 0.0 2 0.0 3 0.0 4 0.0 5 0.0 6 0.0 7 0.0 8 0.0 
66 65 0.0  Commodities: 0 0.0 1 0.0 2 0.0 3 2.2794203559533917 4 0.0 5 0.0 6 0.9151862570813051 7 0.0 8 0.0 
66 67 0.0  Commodities: 0 0.0 1 0.0 2 0.0 3 0.0 4 0.0 5 0.0 6 0.0 7 0.0 8 0.0 
67 66 5.354948827718154  Commodities: 0 0.0 1 0.0 2 0.0 3 2.279420299886046 4 0.0 5 0.0 6 0.0 7 0.0 8 0.0 
67 68 0.0  Commodities: 0 0.0 1 0.0 2 0.0 3 0.0 4 0.0 5 0.0 6 0.0 7 0.0 8 11.178501452404813 
68 67 0.0  Commodities: 0 0.0 1 0.0 2 0.0 3 3.625012010898046 4 0.0 5 0.0 6 0.0 7 0.0 8 0.0 
68 69 0.29629342332158437  Commodities: 0 0.0 1 0.0 2 0.0 3 0.0 4 0.0 5 0.0 6 0.0 7 0.0 8 2.2257459574903566 
69 68 0.16098237426851725  Commodities: 0 65.17407692206089 1 0.0 2 0.0 3 0.0 4 0.0 5 0.0 6 0.0 7 0.0 8 0.0 
69 70 0.0  Commodities: 0 0.0 1 0.0 2 0.0 3 0.0 4 0.0 5 0.0 6 0.0 7 0.0 8 2.225745773956139 
70 69 0.0  Commodities: 0 0.0 1 0.0 2 0.0 3 0.0 4 0.0 5 0.27451751295687393 6 0.0 7 0.0 8 0.0 
70 71 0.0  Commodities: 0 0.0 1 0.0 2 0.0 3 0.0 4 0.0 5 0.0 6 0.0 7 0.0 8 1.8171458270247034 
71 70 0.0  Commodities: 0 0.0 1 0.0 2 0.0 3 0.0 4 0.0 5 0.0 6 0.0 7 0.0 8 0.0 
 Execution Time:  6155 ms
 true Commodity ID : 0 KP : 33.22744635186736 LP : 33.22744635186736
 true Commodity ID : 1 KP : 156.94533735444236 LP : 156.94533735444236
 false Commodity ID : 2 KP : 67.12204572086002 LP : 71.39772290298907
 true Commodity ID : 3 KP : 153.59418791403485 LP : 153.59418791403485
 true Commodity ID : 4 KP : 104.40777145847031 LP : 104.40777145847031
 true Commodity ID : 5 KP : 40.109566509394355 LP : 40.109566509394355
 true Commodity ID : 6 KP : 186.9832632623091 LP : 186.9832632623091
 true Commodity ID : 7 KP : 110.62630921243426 LP : 110.62630921243426
 false Commodity ID : 8 KP : 135.5102315159573 LP : 145.29750237129124

Number of Toll Stations: 81
SocialOptimum : 460706.93817635044
