0 1 9.409738390921024  Commodities: 0 0.0 1 0.0 2 0.0 3 0.0 4 0.0 5 0.0 6 0.0 7 0.0 8 0.0 9 0.0 
1 0 0.0  Commodities: 0 0.0 1 0.0 2 0.0 3 0.0 4 0.0 5 0.0 6 0.0 7 0.0 8 0.0 9 0.0 
0 31 0.0  Commodities: 0 0.0 1 0.0 2 0.0 3 0.0 4 0.0 5 0.0 6 0.0 7 0.0 8 0.0 9 0.0 
31 0 0.0  Commodities: 0 0.0 1 0.0 2 0.0 3 0.0 4 0.0 5 0.0 6 0.0 7 0.0 8 0.0 9 0.0 
1 2 0.0  Commodities: 0 0.0 1 0.0 2 0.0 3 0.0 4 0.0 5 0.0 6 0.0 7 0.0 8 0.0 9 0.0 
2 1 0.0  Commodities: 0 0.0 1 0.0 2 0.0 3 0.0 4 0.0 5 0.0 6 0.0 7 0.0 8 0.0 9 0.0 
1 32 0.0  Commodities: 0 0.0 1 0.0 2 0.0 3 0.0 4 0.0 5 0.0 6 0.0 7 0.0 8 0.0 9 0.0 
32 1 0.0  Commodities: 0 0.0 1 0.0 2 0.0 3 0.0 4 0.0 5 0.0 6 0.0 7 0.0 8 0.0 9 0.0 
2 3 0.0  Commodities: 0 0.0 1 0.0 2 0.0 3 0.0 4 0.0 5 0.0 6 0.0 7 0.0 8 0.0 9 0.0 
3 2 0.0  Commodities: 0 0.0 1 0.0 2 0.0 3 0.0 4 0.0 5 0.0 6 0.0 7 0.0 8 0.0 9 0.0 
2 33 0.0  Commodities: 0 2.9058234185030084E-5 1 2.9060551956414056E-5 2 2.9070498065620097E-5 3 2.907049806529657E-5 4 2.9070446202380184E-5 5 2.9070498092156812E-5 6 2.9070498069512735E-5 7 2.9070495132855714E-5 8 2.9070505733924158E-5 9 2.9066044446732952E-5 
33 2 0.0  Commodities: 0 2.9068644655351358E-5 1 2.9070949128571382E-5 2 2.908071524429867E-5 3 2.908071524397528E-5 4 2.908066338373625E-5 5 2.9080715270821833E-5 6 2.9080715248193314E-5 7 2.9080712309669866E-5 8 2.9080722912875625E-5 9 2.9076415287129423E-5 
3 4 0.0  Commodities: 0 0.0 1 0.0 2 0.0 3 0.0 4 0.0 5 0.0 6 0.0 7 0.0 8 0.0 9 0.0 
4 3 0.0  Commodities: 0 0.0 1 0.0 2 0.0 3 0.0 4 0.0 5 0.0 6 0.0 7 0.0 8 0.0 9 0.0 
3 34 0.0  Commodities: 0 0.0 1 0.0 2 0.0 3 0.0 4 0.0 5 0.0 6 0.0 7 0.0 8 0.0 9 0.0 
34 3 0.0  Commodities: 0 0.0 1 0.0 2 0.0 3 0.0 4 0.0 5 0.0 6 0.0 7 0.0 8 0.0 9 0.0 
4 5 6.383530117143633E10  Commodities: 0 0.0 1 0.0 2 0.0 3 0.0 4 0.0 5 0.0 6 0.0 7 0.0 8 0.0 9 0.0 
5 4 8.527149977393492  Commodities: 0 0.0 1 0.0 2 0.0 3 0.0 4 0.0 5 0.0 6 0.0 7 0.0 8 0.0 9 0.0 
4 35 9.681303346111648  Commodities: 0 0.0 1 0.0 2 0.0 3 0.0 4 0.0 5 0.0 6 0.0 7 0.0 8 0.0 9 0.0 
35 4 13.120541393120448  Commodities: 0 0.0 1 0.0 2 0.0 3 0.0 4 0.0 5 0.0 6 0.0 7 0.0 8 0.0 9 0.0 
5 6 0.0  Commodities: 0 0.0 1 0.0 2 0.0 3 0.0 4 0.0 5 0.0 6 0.0 7 0.0 8 0.0 9 0.0 
6 5 0.0  Commodities: 0 0.0 1 0.0 2 0.0 3 0.0 4 0.0 5 0.0 6 0.0 7 0.0 8 0.0 9 0.0 
5 36 0.0  Commodities: 0 0.0 1 0.0 2 0.0 3 0.0 4 0.0 5 0.0 6 0.0 7 0.0 8 0.0 9 0.0 
36 5 6.38353011569195E10  Commodities: 0 0.0 1 0.0 2 0.0 3 0.0 4 0.0 5 0.0 6 0.0 7 0.0 8 0.0 9 0.0 
6 7 0.0  Commodities: 0 0.0 1 0.0 2 0.0 3 0.0 4 0.0 5 0.0 6 0.0 7 0.0 8 0.0 9 0.0 
7 6 0.0  Commodities: 0 0.0 1 0.0 2 0.0 3 0.0 4 0.0 5 0.0 6 0.0 7 0.0 8 0.0 9 0.0 
6 37 0.0  Commodities: 0 0.0 1 0.0 2 0.0 3 0.0 4 0.0 5 0.0 6 0.0 7 0.0 8 0.0 9 0.0 
37 6 0.0  Commodities: 0 0.0 1 0.0 2 0.0 3 0.0 4 0.0 5 0.0 6 0.0 7 0.0 8 0.0 9 0.0 
7 8 0.0  Commodities: 0 5.182652996383514 1 0.0 2 0.0 3 0.0 4 0.0 5 0.0 6 0.0 7 0.0 8 0.0 9 0.0 
8 7 0.0  Commodities: 0 0.0 1 0.0 2 0.0 3 0.0 4 0.0 5 0.0 6 0.0 7 0.0 8 0.0 9 0.0 
7 38 0.0  Commodities: 0 0.0 1 0.0 2 0.0 3 0.0 4 0.0 5 0.0 6 0.0 7 0.0 8 0.0 9 0.0 
38 7 0.0  Commodities: 0 5.182652961350211 1 0.0 2 0.0 3 0.0 4 0.0 5 0.0 6 0.0 7 0.0 8 0.0 9 0.0 
8 9 0.0  Commodities: 0 5.182652992911717 1 0.0 2 0.0 3 0.0 4 0.0 5 0.0 6 0.0 7 0.0 8 0.0 9 0.0 
9 8 0.0  Commodities: 0 0.0 1 74.99999995199168 2 0.0 3 0.0 4 0.0 5 0.0 6 0.0 7 0.0 8 0.0 9 39.42036095704435 
8 39 0.0  Commodities: 0 0.0 1 0.0 2 0.0 3 0.0 4 0.0 5 0.0 6 0.0 7 0.0 8 0.0 9 39.420360979219204 
39 8 0.0  Commodities: 0 0.0 1 0.0 2 0.0 3 0.0 4 0.0 5 0.0 6 0.0 7 0.0 8 0.0 9 0.0 
9 10 0.0  Commodities: 0 9.042228236690569 1 0.0 2 0.0 3 0.0 4 0.0 5 0.0 6 0.0 7 0.0 8 0.0 9 0.0 
10 9 18.851912215603562  Commodities: 0 0.0 1 74.99999995204931 2 0.0 3 0.0 4 0.0 5 0.0 6 0.0 7 0.0 8 0.0 9 39.42036095713554 
9 40 0.0  Commodities: 0 0.0 1 0.0 2 0.0 3 0.0 4 0.0 5 0.0 6 0.0 7 0.0 8 0.0 9 0.0 
40 9 0.0  Commodities: 0 3.8595752438286777 1 0.0 2 0.0 3 0.0 4 0.0 5 0.0 6 0.0 7 0.0 8 0.0 9 0.0 
10 11 0.0  Commodities: 0 14.414246305150394 1 0.0 2 0.0 3 0.0 4 0.0 5 0.0 6 0.0 7 0.0 8 0.0 9 0.0 
11 10 0.0  Commodities: 0 0.0 1 74.9999999542618 2 0.0 3 0.0 4 0.0 5 0.0 6 0.0 7 0.0 8 0.0 9 46.69143725488299 
10 41 0.0  Commodities: 0 0.0 1 0.0 2 0.0 3 0.0 4 0.0 5 0.0 6 0.0 7 0.0 8 0.0 9 7.27107629784128 
41 10 0.0  Commodities: 0 5.372018068555288 1 0.0 2 0.0 3 0.0 4 0.0 5 0.0 6 0.0 7 0.0 8 0.0 9 0.0 
11 12 0.0  Commodities: 0 32.622778675050064 1 0.0 2 0.0 3 0.0 4 0.0 5 0.0 6 0.0 7 0.0 8 0.0 9 0.0 
12 11 0.0  Commodities: 0 0.0 1 73.99144058725041 2 0.0 3 0.0 4 0.0 5 0.0 6 0.0 7 0.0 8 0.0 9 46.17280932956652 
11 42 0.0  Commodities: 0 0.0 1 0.0 2 0.0 3 0.0 4 0.0 5 0.0 6 0.0 7 0.0 8 0.0 9 0.0 
42 11 0.0  Commodities: 0 18.208532370128523 1 1.0085593672543105 2 0.0 3 0.0 4 0.0 5 0.0 6 0.0 7 0.0 8 0.0 9 0.5186279255500094 
12 13 0.0  Commodities: 0 27.393912919559003 1 0.0 2 0.0 3 0.0 4 0.0 5 0.0 6 0.0 7 0.0 8 0.0 9 0.0 
13 12 6.383530058259765E10  Commodities: 0 0.0 1 49.30027741714328 2 0.0 3 0.0 4 0.0 5 0.0 6 0.0 7 0.0 8 0.0 9 35.07333325306119 
12 43 0.0  Commodities: 0 5.228865755567594 1 0.0 2 0.0 3 0.0 4 0.0 5 0.0 6 0.0 7 0.0 8 0.0 9 0.0 
43 12 0.0  Commodities: 0 0.0 1 24.69116317017496 2 0.0 3 0.0 4 0.0 5 0.0 6 0.0 7 0.0 8 0.0 9 11.099476076575318 
13 14 0.0  Commodities: 0 24.22731916872886 1 0.0 2 0.0 3 0.0 4 0.0 5 0.0 6 0.0 7 0.0 8 0.0 9 0.0 
14 13 0.0  Commodities: 0 0.0 1 24.771018168113272 2 0.0 3 0.0 4 0.0 5 0.0 6 0.0 7 0.0 8 0.0 9 21.26547202632816 
13 44 0.0  Commodities: 0 3.166593750861562 1 0.0 2 0.0 3 0.0 4 0.0 5 0.0 6 0.0 7 0.0 8 0.0 9 0.0 
44 13 0.0  Commodities: 0 0.0 1 24.52925924905954 2 0.0 3 0.0 4 0.0 5 0.0 6 0.0 7 0.0 8 0.0 9 13.807861226761862 
14 15 0.0  Commodities: 0 0.1868158498745569 1 0.0 2 0.0 3 0.0 4 0.0 5 0.0 6 0.0 7 0.0 8 52.09671014048083 9 0.0 
15 14 9.438055740834898  Commodities: 0 0.0 1 15.073606276199698 2 0.0 3 0.0 4 0.0 5 0.0 6 0.0 7 0.0 8 0.0 9 13.269941135458602 
14 45 0.0  Commodities: 0 24.04050331892312 1 0.0 2 0.0 3 0.0 4 0.0 5 0.0 6 0.0 7 0.0 8 13.903289859595327 9 0.0 
45 14 0.0  Commodities: 0 0.0 1 9.697411891980497 2 0.0 3 0.0 4 0.0 5 0.0 6 0.0 7 0.0 8 0.0 9 7.9955308909365135 
15 16 0.0  Commodities: 0 0.34474047076806247 1 0.0 2 0.0 3 0.0 4 4.926071560111766 5 0.0 6 0.0 7 4.636791941326262 8 52.79804941209598 9 0.0 
16 15 0.0  Commodities: 0 0.0 1 35.20804720440824 2 0.0 3 0.0 4 0.0 5 0.0 6 0.0 7 0.0 8 0.0 9 43.11657004212173 
15 46 0.0  Commodities: 0 0.0 1 20.134440928180663 2 0.0 3 0.0 4 0.0 5 0.0 6 0.0 7 0.0 8 0.0 9 29.846628906634493 
46 15 0.0  Commodities: 0 0.15792462086596734 1 0.0 2 0.0 3 0.0 4 4.9260715598737805 5 0.0 6 0.0 7 4.636791941092657 8 0.7013392715648709 9 0.0 
16 17 0.0  Commodities: 0 0.0 1 0.0 2 0.0 3 0.0 4 4.836473060709048 5 0.0 6 0.0 7 4.547698102276679 8 52.699596286463766 9 0.0 
17 16 0.0  Commodities: 0 0.0 1 43.469674232488885 2 0.0 3 0.0 4 0.0 5 0.0 6 0.0 7 0.0 8 0.0 9 53.01394025084181 
16 47 0.0  Commodities: 0 0.3447404698540364 1 8.261627028237571 2 0.0 3 0.0 4 0.08959849948758598 5 0.0 6 0.0 7 0.08909383913318214 8 0.0984531257314692 9 9.897370208876113 
47 16 0.0  Commodities: 0 0.0 1 0.0 2 0.0 3 0.0 4 0.0 5 0.0 6 0.0 7 0.0 8 0.0 9 0.0 
17 18 0.0  Commodities: 0 0.0 1 0.0 2 0.0 3 0.0 4 4.836473059893983 5 0.0 6 0.0 7 4.547698101467989 8 52.69959628566449 9 0.0 
18 17 0.0  Commodities: 0 0.0 1 19.489753824927117 2 0.0 3 0.0 4 0.0 5 0.0 6 0.0 7 0.0 8 0.0 9 38.84580895460281 
17 48 0.0  Commodities: 0 0.0 1 0.0 2 0.0 3 0.0 4 0.0 5 0.0 6 0.0 7 0.0 8 0.0 9 0.0 
48 17 0.0  Commodities: 0 0.0 1 23.979920407678247 2 0.0 3 0.0 4 0.0 5 0.0 6 0.0 7 0.0 8 0.0 9 14.168131296356702 
18 19 0.0  Commodities: 0 0.0 1 0.0 2 0.0 3 0.0 4 11.653763598367748 5 0.0 6 0.0 7 10.624305863329326 8 54.201420965299256 9 0.0 
19 18 0.0  Commodities: 0 0.0 1 20.584555674635432 2 0.0 3 0.0 4 0.0 5 13.560230531681537 6 0.0 7 0.0 8 0.0 9 40.00375202089257 
18 49 0.0  Commodities: 0 0.0 1 1.0948018497732073 2 0.0 3 0.0 4 0.0 5 13.56023053173368 6 0.0 7 0.0 8 0.0 9 1.157943066354406 
49 18 0.0  Commodities: 0 0.0 1 0.0 2 0.0 3 0.0 4 6.817290538538403 5 0.0 6 0.0 7 6.0766077619258985 8 1.5018246796936374 9 0.0 
19 20 0.0  Commodities: 0 0.0 1 0.0 2 0.0 3 0.0 4 3.0701387346703224 5 0.0 6 3.4798821073539368 7 2.6110649675739905 8 4.4108763075505815 9 0.0 
20 19 1.1833497167373537  Commodities: 0 0.0 1 17.225438532258956 2 0.0 3 0.0 4 0.0 5 12.137200091383123 6 0.0 7 0.0 8 0.0 9 36.44001352453045 
19 50 0.0  Commodities: 0 0.0 1 0.0 2 0.0 3 0.0 4 8.583624863732854 5 0.0 6 33.52011789268194 7 8.013240895790515 8 49.79054465778378 9 0.0 
50 19 0.0  Commodities: 0 0.0 1 3.3591171424120363 2 0.0 3 0.0 4 0.0 5 1.4230304403341896 6 0.0 7 0.0 8 0.0 9 3.5637384963978467 
20 21 0.0  Commodities: 0 0.0 1 0.0 2 0.0 3 0.0 4 16.99414358113284 5 0.0 6 13.54205667792315 7 12.39863647565562 8 21.769356891624238 9 0.0 
21 20 0.0  Commodities: 0 0.0 1 6.363527802189804 2 0.0 3 0.0 4 0.0 5 9.301259279793406 6 0.0 7 0.0 8 0.0 9 23.638161612826973 
20 51 4.317437904700739  Commodities: 0 0.0 1 0.0 2 0.0 3 0.0 4 0.0 5 0.0 6 0.0 7 0.0 8 0.0 9 0.0 
51 20 0.0  Commodities: 0 0.0 1 10.861910730281526 2 0.0 3 0.0 4 13.924004846679354 5 2.8359408118015255 6 10.062174570787047 7 9.787571508298003 8 17.358480584290398 9 12.801851911916817 
21 22 0.0  Commodities: 0 0.0 1 0.0 2 0.0 3 0.0 4 14.377453716142979 5 0.0 6 10.910653848331934 7 9.597513240552306 8 19.10179298128528 9 0.0 
22 21 0.0  Commodities: 0 0.0 1 0.0 2 0.0 3 0.0 4 0.0 5 6.915702515163113 6 0.0 7 0.0 8 0.0 9 19.529103745124715 
21 52 0.0  Commodities: 0 0.0 1 0.0 2 0.0 3 0.0 4 2.616689865150564 5 0.0 6 2.631402829751155 7 2.8011232352637214 8 2.667563910499815 9 0.0 
52 21 0.0  Commodities: 0 0.0 1 6.363527802339082 2 0.0 3 0.0 4 0.0 5 2.3855567647903166 6 0.0 7 0.0 8 0.0 9 4.1090578678620435 
22 23 0.0  Commodities: 0 0.0 1 0.0 2 0.0 3 0.0 4 8.053137373400196 5 0.0 6 4.954323104431136 7 0.7903440779512189 8 11.943037998338836 9 0.0 
23 22 2.107725863367534  Commodities: 0 0.0 1 0.0 2 0.0 3 0.0 4 0.0 5 0.0 6 0.0 7 0.0 8 0.0 9 3.2551920791000173 
22 53 0.0  Commodities: 0 0.0 1 0.0 2 0.0 3 0.0 4 6.324316342833599 5 0.0 6 5.9563307439912645 7 8.80716916269167 8 7.158754983037745 9 0.0 
53 22 0.0  Commodities: 0 0.0 1 0.0 2 0.0 3 0.0 4 0.0 5 6.915702515171725 6 0.0 7 0.0 8 0.0 9 16.273911666114987 
23 24 0.0  Commodities: 0 0.0 1 0.0 2 0.0 3 0.0 4 37.06367586849277 5 0.0 6 17.34991962945691 7 1.5118067668217228 8 60.79487098444155 9 0.0 
24 23 0.0  Commodities: 0 0.0 1 0.0 2 0.0 3 0.0 4 0.0 5 0.0 6 0.0 7 0.0 8 0.0 9 3.2551920791423328 
23 54 0.0  Commodities: 0 0.0 1 0.0 2 0.0 3 0.0 4 0.0 5 0.0 6 0.0 7 0.0 8 0.0 9 0.0 
54 23 0.0  Commodities: 0 0.0 1 0.0 2 0.0 3 0.0 4 29.010538495109213 5 0.0 6 12.39559652504275 7 0.7214626888875497 8 48.85183298611906 9 0.0 
24 25 7.105225759136374  Commodities: 0 0.0 1 0.0 2 0.0 3 0.0 4 39.603863481835376 5 0.0 6 19.55285895625701 7 1.9824461355610679 8 0.0 9 0.0 
25 24 0.0  Commodities: 0 0.0 1 0.0 2 0.0 3 0.0 4 0.0 5 0.0 6 0.0 7 0.0 8 0.0 9 0.0 
24 55 0.0  Commodities: 0 0.0 1 0.0 2 0.0 3 0.0 4 0.0 5 0.0 6 0.0 7 0.0 8 0.0 9 0.0 
55 24 0.0  Commodities: 0 0.0 1 0.0 2 0.0 3 0.0 4 2.5401876133974755 5 0.0 6 2.202939326853944 7 0.47063936879284757 8 5.205129015596402 9 3.255192079111746 
25 26 0.0  Commodities: 0 0.0 1 0.0 2 0.0 3 0.0 4 40.216056622467285 5 0.0 6 20.13690296551443 7 2.2382041609595773 8 0.0 9 0.0 
26 25 0.0  Commodities: 0 0.0 1 0.0 2 1.2739412581321106 3 0.0 4 0.0 5 0.0 6 0.0 7 0.0 8 0.0 9 0.0 
25 56 0.0  Commodities: 0 0.0 1 0.0 2 1.2739412584951288 3 0.0 4 0.0 5 0.0 6 0.0 7 0.0 8 0.0 9 0.0 
56 25 0.05345637927541702  Commodities: 0 0.0 1 0.0 2 0.0 3 0.0 4 0.6121931410100532 5 0.0 6 0.5840440096318349 7 0.2557580257103858 8 0.0 9 0.0 
26 27 0.0  Commodities: 0 0.0 1 0.0 2 0.0 3 0.0 4 39.890404021790594 5 0.0 6 19.81308918685266 7 0.0 8 0.0 9 0.0 
27 26 0.0  Commodities: 0 0.0 1 0.0 2 0.6013374205971653 3 0.0 4 0.0 5 0.0 6 0.0 7 0.0 8 0.0 9 0.0 
26 57 0.0  Commodities: 0 0.0 1 0.0 2 0.0 3 0.0 4 0.3256526008134187 5 0.0 6 0.32381377879624507 7 2.2382041610138517 8 0.0 9 0.0 
57 26 0.0  Commodities: 0 0.0 1 0.0 2 0.6726038376731464 3 0.0 4 0.0 5 0.0 6 0.0 7 0.0 8 0.0 9 0.0 
27 28 0.0  Commodities: 0 0.0 1 0.0 2 0.0 3 0.0 4 25.83236418340581 5 0.0 6 0.0 7 0.0 8 0.0 9 0.0 
28 27 20.584570195801966  Commodities: 0 0.0 1 0.0 2 0.0 3 0.0 4 0.0 5 0.0 6 0.0 7 0.0 8 0.0 9 0.0 
27 58 0.0  Commodities: 0 0.0 1 0.0 2 0.0 3 0.0 4 14.05803983852218 5 0.0 6 19.81308918663874 7 0.0 8 0.0 9 0.0 
58 27 0.0  Commodities: 0 0.0 1 0.0 2 0.6013374205864384 3 0.0 4 0.0 5 0.0 6 0.0 7 0.0 8 0.0 9 0.0 
28 29 0.0  Commodities: 0 0.0 1 0.0 2 0.0 3 0.0 4 28.40623540988098 5 0.0 6 0.0 7 0.0 8 0.0 9 0.0 
29 28 0.0  Commodities: 0 0.0 1 0.0 2 0.0 3 2.1281038376381987 4 0.0 5 0.0 6 0.0 7 0.0 8 0.0 9 0.0 
28 59 0.0  Commodities: 0 0.0 1 0.0 2 0.0 3 2.1281038376913792 4 0.0 5 0.0 6 0.0 7 0.0 8 0.0 9 0.0 
59 28 0.0  Commodities: 0 0.0 1 0.0 2 0.0 3 0.0 4 2.573871226726777 5 0.0 6 0.0 7 0.0 8 0.0 9 0.0 
29 30 0.0  Commodities: 0 0.0 1 0.0 2 0.0 3 0.0 4 0.0 5 0.0 6 0.0 7 0.0 8 0.0 9 0.0 
30 29 0.0  Commodities: 0 0.0 1 0.0 2 0.0 3 9.143409181546868 4 0.0 5 0.0 6 0.0 7 0.0 8 0.0 9 0.0 
29 60 0.0  Commodities: 0 0.0 1 0.0 2 0.0 3 7.015305343909433 4 28.406235409910323 5 0.0 6 0.0 7 0.0 8 0.0 9 0.0 
60 29 0.0  Commodities: 0 0.0 1 0.0 2 0.0 3 0.0 4 0.0 5 0.0 6 0.0 7 0.0 8 0.0 9 0.0 
30 61 38.427857888849985  Commodities: 0 0.0 1 0.0 2 0.0 3 0.0 4 0.0 5 0.0 6 0.0 7 0.0 8 0.0 9 0.0 
61 30 0.0  Commodities: 0 0.0 1 0.0 2 0.0 3 9.143409181654688 4 0.0 5 0.0 6 0.0 7 0.0 8 0.0 9 0.0 
31 32 0.0  Commodities: 0 0.0 1 0.0 2 0.0 3 0.0 4 0.0 5 0.0 6 0.0 7 0.0 8 0.0 9 0.0 
32 31 0.0  Commodities: 0 0.0 1 0.0 2 0.0 3 0.0 4 0.0 5 0.0 6 0.0 7 0.0 8 0.0 9 0.0 
31 62 0.0  Commodities: 0 0.0 1 0.0 2 0.0 3 0.0 4 0.0 5 0.0 6 0.0 7 0.0 8 0.0 9 0.0 
62 31 0.0  Commodities: 0 0.0 1 0.0 2 0.0 3 0.0 4 0.0 5 0.0 6 0.0 7 0.0 8 0.0 9 0.0 
32 33 0.0  Commodities: 0 0.0 1 0.0 2 0.0 3 0.0 4 0.0 5 0.0 6 0.0 7 0.0 8 0.0 9 0.0 
33 32 0.0  Commodities: 0 0.0 1 0.0 2 0.0 3 0.0 4 0.0 5 0.0 6 0.0 7 0.0 8 0.0 9 0.0 
32 63 0.0  Commodities: 0 0.0 1 0.0 2 0.0 3 0.0 4 0.0 5 0.0 6 0.0 7 0.0 8 0.0 9 0.0 
63 32 12.755416870117188  Commodities: 0 0.0 1 0.0 2 0.0 3 0.0 4 0.0 5 0.0 6 0.0 7 0.0 8 0.0 9 0.0 
33 34 0.0  Commodities: 0 0.0 1 0.0 2 0.0 3 0.0 4 0.0 5 0.0 6 0.0 7 0.0 8 0.0 9 0.0 
34 33 0.0  Commodities: 0 0.0 1 0.0 2 0.0 3 0.0 4 0.0 5 0.0 6 0.0 7 0.0 8 0.0 9 0.0 
33 64 0.0  Commodities: 0 0.0 1 0.0 2 0.0 3 0.0 4 0.0 5 0.0 6 0.0 7 0.0 8 0.0 9 0.0 
64 33 0.0  Commodities: 0 0.0 1 0.0 2 0.0 3 0.0 4 0.0 5 0.0 6 0.0 7 0.0 8 0.0 9 0.0 
34 35 0.0  Commodities: 0 0.0 1 0.0 2 0.0 3 0.0 4 0.0 5 0.0 6 0.0 7 0.0 8 0.0 9 0.0 
35 34 15.743988359279683  Commodities: 0 0.0 1 0.0 2 0.0 3 0.0 4 0.0 5 0.0 6 0.0 7 0.0 8 0.0 9 0.0 
34 65 0.0  Commodities: 0 0.0 1 0.0 2 0.0 3 0.0 4 0.0 5 0.0 6 0.0 7 0.0 8 0.0 9 0.0 
65 34 0.0  Commodities: 0 0.0 1 0.0 2 0.0 3 0.0 4 0.0 5 0.0 6 0.0 7 0.0 8 0.0 9 0.0 
35 36 0.0  Commodities: 0 0.0 1 0.0 2 0.0 3 0.0 4 0.0 5 0.0 6 0.0 7 0.0 8 0.0 9 0.0 
36 35 0.0  Commodities: 0 0.0 1 0.0 2 0.0 3 0.0 4 0.0 5 0.0 6 0.0 7 0.0 8 0.0 9 0.0 
35 66 10.979869979242949  Commodities: 0 0.0 1 0.0 2 0.0 3 0.0 4 0.0 5 0.0 6 0.0 7 0.0 8 0.0 9 0.0 
66 35 0.0  Commodities: 0 0.0 1 0.0 2 0.0 3 0.0 4 0.0 5 0.0 6 0.0 7 0.0 8 0.0 9 0.0 
36 37 6.383530116179348E10  Commodities: 0 0.0 1 0.0 2 0.0 3 0.0 4 0.0 5 0.0 6 0.0 7 0.0 8 0.0 9 0.0 
37 36 0.0  Commodities: 0 0.0 1 0.0 2 0.0 3 0.0 4 0.0 5 0.0 6 0.0 7 0.0 8 0.0 9 0.0 
36 67 0.0  Commodities: 0 0.0 1 0.0 2 0.0 3 0.0 4 0.0 5 0.0 6 0.0 7 0.0 8 0.0 9 0.0 
67 36 12.981346130371094  Commodities: 0 0.0 1 0.0 2 0.0 3 0.0 4 0.0 5 0.0 6 0.0 7 0.0 8 0.0 9 0.0 
37 38 0.0  Commodities: 0 0.0 1 0.0 2 0.0 3 0.0 4 0.0 5 0.0 6 0.0 7 0.0 8 0.0 9 0.0 
38 37 15.697250366210938  Commodities: 0 0.0 1 0.0 2 0.0 3 0.0 4 0.0 5 0.0 6 0.0 7 0.0 8 0.0 9 0.0 
37 68 0.0  Commodities: 0 0.0 1 0.0 2 0.0 3 0.0 4 0.0 5 0.0 6 0.0 7 0.0 8 0.0 9 0.0 
68 37 19.707565307617188  Commodities: 0 0.0 1 0.0 2 0.0 3 0.0 4 0.0 5 0.0 6 0.0 7 0.0 8 0.0 9 0.0 
38 39 0.0  Commodities: 0 1.4347340043609202 1 0.0 2 0.0 3 0.0 4 0.0 5 0.0 6 0.0 7 0.0 8 0.0 9 2.7625883819106676 
39 38 0.0  Commodities: 0 0.0 1 0.0 2 0.0 3 0.0 4 0.0 5 0.0 6 0.0 7 0.0 8 0.0 9 0.0 
38 69 0.0  Commodities: 0 0.0 1 0.0 2 0.0 3 0.0 4 0.0 5 0.0 6 0.0 7 0.0 8 0.0 9 0.0 
69 38 0.042116906349917826  Commodities: 0 6.617386983894472 1 0.0 2 0.0 3 0.0 4 0.0 5 0.0 6 0.0 7 0.0 8 0.0 9 2.762588396033879 
39 40 0.0  Commodities: 0 51.35034874993032 1 0.0 2 0.0 3 0.0 4 0.0 5 0.0 6 0.0 7 0.0 8 0.0 9 0.0 
40 39 0.0  Commodities: 0 0.0 1 0.0 2 0.0 3 0.0 4 0.0 5 0.0 6 0.0 7 0.0 8 0.0 9 26.854293188835122 
39 70 0.0  Commodities: 0 0.0 1 0.0 2 0.0 3 0.0 4 0.0 5 0.0 6 0.0 7 0.0 8 0.0 9 0.0 
70 39 0.0  Commodities: 0 49.915614742332984 1 0.0 2 0.0 3 0.0 4 0.0 5 0.0 6 0.0 7 0.0 8 0.0 9 11.962757450535454 
40 41 0.0  Commodities: 0 43.159400053426204 1 0.0 2 0.0 3 0.0 4 0.0 5 0.0 6 0.0 7 0.0 8 0.0 9 0.0 
41 40 13.345496587277252  Commodities: 0 0.0 1 0.0 2 0.0 3 0.0 4 0.0 5 0.0 6 0.0 7 0.0 8 0.0 9 26.85429318875415 
40 71 0.0  Commodities: 0 4.331373452733169 1 0.0 2 0.0 3 0.0 4 0.0 5 0.0 6 0.0 7 0.0 8 0.0 9 0.0 
71 40 0.0  Commodities: 0 0.0 1 0.0 2 0.0 3 0.0 4 0.0 5 0.0 6 0.0 7 0.0 8 0.0 9 0.0 
41 42 0.0  Commodities: 0 37.787381701151745 1 0.0 2 0.0 3 0.0 4 0.0 5 0.0 6 0.0 7 0.0 8 0.0 9 0.0 
42 41 0.0  Commodities: 0 0.0 1 0.0 2 0.0 3 0.0 4 0.0 5 0.0 6 0.0 7 0.0 8 0.0 9 18.673693211706468 
41 72 49.58563995361328  Commodities: 0 0.0 1 0.0 2 0.0 3 0.0 4 0.0 5 0.0 6 0.0 7 0.0 8 0.0 9 0.0 
72 41 0.0  Commodities: 0 0.0 1 0.0 2 0.0 3 0.0 4 0.0 5 0.0 6 0.0 7 0.0 8 0.0 9 0.9095236808194522 
42 43 0.0  Commodities: 0 3.1324182431219865 1 0.0 2 0.0 3 0.0 4 0.0 5 0.0 6 0.0 7 0.0 8 0.0 9 0.0 
43 42 0.0  Commodities: 0 0.0 1 1.0085593681837348 2 0.0 3 0.0 4 0.0 5 0.0 6 0.0 7 0.0 8 0.0 9 19.192321135862667 
42 73 0.0  Commodities: 0 16.446431088144642 1 0.0 2 0.0 3 0.0 4 0.0 5 0.0 6 0.0 7 0.0 8 0.0 9 0.0 
73 42 22.53072614124533  Commodities: 0 0.0 1 0.0 2 0.0 3 0.0 4 0.0 5 0.0 6 0.0 7 0.0 8 0.0 9 0.0 
43 44 0.0  Commodities: 0 30.69145139163885 1 0.0 2 0.0 3 0.0 4 37.01354659031481 5 0.0 6 0.0 7 45.99999999959743 8 0.0 9 0.0 
44 43 6.3835300580679474E10  Commodities: 0 0.0 1 25.69972253868823 2 0.0 3 0.0 4 0.0 5 0.0 6 0.0 7 0.0 8 0.0 9 30.291797212703663 
43 74 0.0  Commodities: 0 0.0 1 0.0 2 0.0 3 0.0 4 0.0 5 0.0 6 0.0 7 0.0 8 0.0 9 0.0 
74 43 0.0  Commodities: 0 22.33016739308507 1 0.0 2 0.0 3 0.0 4 37.01354659059658 5 0.0 6 0.0 7 0.0 8 0.0 9 0.0 
44 45 0.0  Commodities: 0 38.4330101853754 1 0.0 2 0.0 3 0.0 4 41.9623690919126 5 0.0 6 0.0 7 45.9999999995755 8 0.0 9 0.0 
45 44 6.077215390015624  Commodities: 0 0.0 1 48.10067524068612 2 0.0 3 0.0 4 0.0 5 0.0 6 0.0 7 0.0 8 0.0 9 43.391475479703324 
44 75 7.112805936006495  Commodities: 0 0.0 1 0.0 2 0.0 3 0.0 4 0.0 5 0.0 6 0.0 7 0.0 8 0.0 9 0.0 
75 44 3.4811565117464554  Commodities: 0 4.574965043070273 1 2.1283065472185396 2 0.0 3 0.0 4 4.948822501703773 5 0.0 6 0.0 7 0.0 8 0.0 9 0.7081829599170851 
45 46 0.0  Commodities: 0 62.30962447373848 1 0.0 2 0.0 3 0.0 4 41.79651642161199 5 0.0 6 0.0 7 45.651791848341695 8 13.540746097614518 9 0.0 
46 45 6.698759504873578  Commodities: 0 0.0 1 55.81835753427399 2 0.0 3 0.0 4 0.0 5 0.0 6 0.0 7 0.0 8 0.0 9 50.407919916495835 
45 76 0.0  Commodities: 0 0.16388903053845494 1 0.0 2 0.0 3 0.0 4 0.1658526704114734 5 0.0 6 0.0 7 0.34820815134425775 8 0.36254376201862326 9 0.0 
76 45 0.0  Commodities: 0 0.0 1 1.9797295983880212 2 0.0 3 0.0 4 0.0 5 0.0 6 0.0 7 0.0 8 0.0 9 0.9790864541363256 
46 47 2.1385623025496443  Commodities: 0 61.19194766480516 1 0.0 2 0.0 3 0.0 4 35.90319712317133 5 0.0 6 0.0 7 38.28023322678047 8 10.27279429843104 9 0.0 
47 46 0.0  Commodities: 0 0.0 1 38.19850920102968 2 0.0 3 0.0 4 0.0 5 0.0 6 0.0 7 0.0 8 0.0 9 34.89292045393008 
46 77 0.0  Commodities: 0 0.9597521881966 1 2.5145925950447263 2 0.0 3 0.0 4 0.9672477386962223 5 0.0 6 0.0 7 2.7347666805920623 8 2.5666125277452827 9 14.331629444178077 
77 46 0.0  Commodities: 0 0.0 1 0.0 2 0.0 3 0.0 4 0.0 5 0.0 6 0.0 7 0.0 8 0.0 9 0.0 
47 48 0.0  Commodities: 0 76.99999999889407 1 0.0 2 0.0 3 0.0 4 44.81230395427395 5 0.0 6 0.0 7 40.156713179483845 8 12.150117918415917 9 0.0 
48 47 0.0  Commodities: 0 0.0 1 0.09943987296339914 2 0.0 3 0.0 4 0.0 5 0.0 6 0.0 7 0.0 8 0.0 9 0.09687046047475857 
47 78 0.0  Commodities: 0 0.0 1 0.0 2 0.0 3 0.0 4 0.0 5 0.0 6 0.0 7 0.0 8 0.0 9 0.0 
78 47 0.0  Commodities: 0 15.463311864301534 1 29.837442299989373 2 0.0 3 0.0 4 8.819508331755566 5 0.0 6 0.0 7 1.7873861137177336 8 1.7788704943909626 9 24.898679784740036 
48 49 0.0  Commodities: 0 0.0 1 0.0 2 0.0 3 0.0 4 26.50758220961789 5 0.0 6 0.0 7 22.416616591081848 8 7.375716417142544 9 0.0 
49 48 0.0  Commodities: 0 0.0 1 32.2165613477 2 0.0 3 0.0 4 0.0 5 0.0 6 0.0 7 0.0 8 0.0 9 23.153967410489294 
48 79 0.0  Commodities: 0 0.0 1 8.137201067269004 2 0.0 3 0.0 4 18.30472174557265 5 0.0 6 0.0 7 17.74009658930457 8 4.774401502157164 9 8.888965653869143 
79 48 135.73288891080858  Commodities: 0 0.0 1 0.0 2 0.0 3 0.0 4 0.0 5 0.0 6 0.0 7 0.0 8 0.0 9 0.0 
49 50 1.0140357029031293  Commodities: 0 0.0 1 0.0 2 0.0 3 0.0 4 5.494552254764276 5 0.0 6 0.0 7 4.434401122138295 8 1.74492058533425 9 0.0 
50 49 8.90741738124251  Commodities: 0 0.0 1 2.1186303167268865 2 0.0 3 0.0 4 0.0 5 41.5303772989213 6 0.0 7 0.0 8 0.0 9 2.450394558356439 
49 80 0.0  Commodities: 0 0.0 1 0.0 2 0.0 3 0.0 4 14.195739416382745 5 0.0 6 0.0 7 11.905607707087082 8 4.128971152184186 9 0.0 
80 49 1.3233926442381971  Commodities: 0 0.0 1 29.003129181269042 2 0.0 3 0.0 4 0.0 5 2.9093921694165927 6 0.0 7 0.0 8 0.0 9 19.545629785847694 
50 51 0.0  Commodities: 0 0.0 1 0.0 2 0.0 3 0.0 4 31.145861450397227 5 0.0 6 33.52011789243448 7 25.672978631746112 8 55.27907733821647 9 0.0 
51 50 0.0  Commodities: 0 0.0 1 5.767573169341202 2 0.0 3 0.0 4 0.0 5 43.35347043095093 6 0.0 7 0.0 8 0.0 9 6.313732252084152 
50 81 0.0  Commodities: 0 0.0 1 0.2898257103791422 2 0.0 3 0.0 4 0.0 5 0.4000626918759486 6 0.0 7 0.0 8 0.0 9 0.2995991975079367 
81 50 0.0  Commodities: 0 0.0 1 0.0 2 0.0 3 0.0 4 17.06768433209115 5 0.0 6 0.0 7 13.225336614008237 8 3.7436120952891847 9 0.0 
51 52 4.837087291522948  Commodities: 0 0.0 1 0.0 2 0.0 3 0.0 4 9.455092994884662 5 0.0 6 6.3106796506702105 7 7.52975166756774 8 14.84416249764018 9 0.0 
52 51 1.1316230120646082  Commodities: 0 0.0 1 16.34941136571791 2 0.0 3 0.0 4 0.0 5 45.9918662367063 6 0.0 7 0.0 8 0.0 9 18.847699827156998 
51 82 0.0  Commodities: 0 0.0 1 0.0 2 0.0 3 0.0 4 7.766763609081553 5 0.0 6 17.147263671226614 7 8.35565545612833 8 23.076434256532515 9 0.0 
82 51 0.0  Commodities: 0 0.0 1 0.280072533723575 2 0.0 3 0.0 4 0.0 5 0.19754500586665613 6 0.0 7 0.0 8 0.0 9 0.2678843366615766 
52 53 0.0  Commodities: 0 0.0 1 0.0 2 0.0 3 0.0 4 12.071782859660171 5 0.0 6 8.942082480047809 7 10.330874902456792 8 17.511726407764616 9 0.0 
53 52 0.4662592130677865  Commodities: 0 0.0 1 0.0 2 0.0 3 0.0 4 0.0 5 47.837624039590935 6 0.0 7 0.0 8 0.0 9 18.522219809336715 
52 83 0.0  Commodities: 0 0.0 1 0.0 2 0.0 3 0.0 4 0.0 5 0.0 6 0.0 7 0.0 8 0.0 9 0.0 
83 52 7.012126827438465  Commodities: 0 0.0 1 22.71293916796892 2 0.0 3 0.0 4 0.0 5 0.539798961816422 6 0.0 7 0.0 8 0.0 9 4.434537885594719 
53 54 0.0  Commodities: 0 0.0 1 0.0 2 0.0 3 0.0 4 37.40321018212903 5 0.0 6 22.068988576849037 7 31.19825386007231 8 42.43536732626961 9 0.0 
54 53 0.0  Commodities: 0 0.0 1 0.0 2 0.0 3 0.0 4 0.0 5 57.999999999640956 6 0.0 7 0.0 8 0.0 9 35.26165060381473 
53 84 0.0  Commodities: 0 0.0 1 0.0 2 0.0 3 0.0 4 0.0 5 3.246673444965488 6 0.0 7 0.0 8 0.0 9 0.46551912845037546 
84 53 0.0  Commodities: 0 0.0 1 0.0 2 0.0 3 0.0 4 19.00711097972307 5 0.0 6 7.170575352897309 7 12.060209795011259 8 17.764885935555156 9 0.0 
54 55 0.0  Commodities: 0 0.0 1 0.0 2 0.0 3 0.0 4 17.91728497508198 5 0.0 6 15.683403858664942 7 38.1080591843269 8 5.2051290154482235 9 0.0 
55 54 0.0  Commodities: 0 0.0 1 0.0 2 0.0 3 0.0 4 0.0 5 0.0 6 0.0 7 0.0 8 0.0 9 21.915322941135354 
54 85 0.0  Commodities: 0 0.0 1 0.0 2 0.0 3 0.0 4 0.0 5 0.0 6 0.0 7 0.0 8 0.0 9 0.0 
85 54 0.0  Commodities: 0 0.0 1 0.0 2 0.0 3 0.0 4 9.524613288241413 5 0.0 6 6.010011807037087 7 7.631268013320774 8 11.621594675475883 9 13.346327662811555 
55 56 4.371596856458922  Commodities: 0 0.0 1 0.0 2 0.0 3 0.0 4 15.37709736176077 5 0.0 6 13.480464531909712 7 37.637419815636974 8 0.0 9 0.0 
56 55 0.0  Commodities: 0 0.0 1 0.0 2 0.0 3 0.0 4 0.0 5 0.0 6 0.0 7 0.0 8 0.0 9 0.0 
55 86 0.0  Commodities: 0 0.0 1 0.0 2 0.0 3 0.0 4 0.0 5 0.0 6 0.0 7 0.0 8 0.0 9 0.0 
86 55 28.44798502154498  Commodities: 0 0.0 1 0.0 2 0.0 3 0.0 4 0.0 5 0.0 6 0.0 7 0.0 8 0.0 9 25.17051502022171 
56 57 3.8539404523562553  Commodities: 0 0.0 1 0.0 2 0.0 3 0.0 4 5.180311881686399 5 0.0 6 3.5997038319073456 7 12.745493306661492 8 0.0 9 0.0 
57 56 0.0  Commodities: 0 0.0 1 0.0 2 63.027492162600026 3 0.0 4 0.0 5 0.0 6 0.0 7 0.0 8 0.0 9 0.0 
56 87 0.0  Commodities: 0 0.0 1 0.0 2 64.30143342081345 3 0.0 4 9.584592339561105 5 0.0 6 9.296716690863521 7 24.63616848369622 8 0.0 9 0.0 
87 56 0.0  Commodities: 0 0.0 1 0.0 2 0.0 3 0.0 4 0.0 5 0.0 6 0.0 7 0.0 8 0.0 9 0.0 
57 58 0.0  Commodities: 0 0.0 1 0.0 2 0.0 3 0.0 4 19.76702095629675 5 0.0 6 11.307825285472614 7 0.0 8 0.0 9 0.0 
58 57 0.0  Commodities: 0 0.0 1 0.0 2 65.93090494966134 3 0.0 4 0.0 5 0.0 6 0.0 7 0.0 8 0.0 9 0.0 
57 88 0.0  Commodities: 0 0.0 1 0.0 2 2.2308089494921663 3 0.0 4 0.0 5 0.0 6 0.0 7 0.0 8 0.0 9 0.0 
88 57 0.0  Commodities: 0 0.0 1 0.0 2 0.0 3 0.0 4 14.261056473896017 5 0.0 6 7.384307674868139 7 31.016302532422984 8 0.0 9 0.0 
58 59 1.2328758977528196  Commodities: 0 0.0 1 0.0 2 0.0 3 0.0 4 33.4799551763924 5 0.0 6 21.135174526926896 7 0.0 8 0.0 9 0.0 
59 58 0.0  Commodities: 0 0.0 1 0.0 2 0.0 3 0.0 4 0.0 5 0.0 6 0.0 7 0.0 8 0.0 9 0.0 
58 89 0.0  Commodities: 0 0.0 1 0.0 2 3.4677576297300106 3 0.0 4 0.3451056183816906 5 0.0 6 9.985739945141376 7 0.0 8 0.0 9 0.0 
89 58 0.0  Commodities: 0 0.0 1 0.0 2 0.0 3 0.0 4 0.0 5 0.0 6 0.0 7 0.0 8 0.0 9 0.0 
59 60 0.0  Commodities: 0 0.0 1 0.0 2 0.0 3 0.0 4 30.67751324510347 5 0.0 6 0.0 7 0.0 8 0.0 9 0.0 
60 59 0.05010574744323293  Commodities: 0 0.0 1 0.0 2 0.0 3 3.683237291045304 4 0.0 5 0.0 6 0.0 7 0.0 8 0.0 9 0.0 
59 90 0.0  Commodities: 0 0.0 1 0.0 2 0.0 3 5.811341128591943 4 0.22857070489636816 5 0.0 6 21.13517452730694 7 0.0 8 0.0 9 0.0 
90 59 12.420774515367384  Commodities: 0 0.0 1 0.0 2 0.0 3 0.0 4 0.0 5 0.0 6 0.0 7 0.0 8 0.0 9 0.0 
60 61 0.0  Commodities: 0 0.0 1 0.0 2 0.0 3 0.0 4 0.0 5 0.0 6 0.0 7 0.0 8 0.0 9 0.0 
61 60 5.943304159495156  Commodities: 0 0.0 1 0.0 2 0.0 3 14.764329858559051 4 0.0 5 0.0 6 0.0 7 0.0 8 0.0 9 0.0 
60 91 5.17530332795463  Commodities: 0 0.0 1 0.0 2 0.0 3 18.096397911356746 4 0.0 5 0.0 6 0.0 7 0.0 8 0.0 9 0.0 
91 60 0.0  Commodities: 0 0.0 1 0.0 2 0.0 3 0.0 4 0.9162513450544684 5 0.0 6 0.0 7 0.0 8 0.0 9 0.0 
61 92 12.519728486975453  Commodities: 0 0.0 1 0.0 2 0.0 3 42.0922609601472 4 0.0 5 0.0 6 0.0 7 0.0 8 0.0 9 0.0 
92 61 0.0  Commodities: 0 0.0 1 0.0 2 0.0 3 0.0 4 0.0 5 0.0 6 0.0 7 0.0 8 0.0 9 0.0 
62 63 0.0  Commodities: 0 0.0 1 0.0 2 0.0 3 0.0 4 0.0 5 0.0 6 0.0 7 0.0 8 0.0 9 0.0 
63 62 2.4307708740234375  Commodities: 0 0.0 1 0.0 2 0.0 3 0.0 4 0.0 5 0.0 6 0.0 7 0.0 8 0.0 9 0.0 
63 64 0.0  Commodities: 0 0.0 1 0.0 2 0.0 3 0.0 4 0.0 5 0.0 6 0.0 7 0.0 8 0.0 9 0.0 
64 63 0.0  Commodities: 0 0.0 1 0.0 2 0.0 3 0.0 4 0.0 5 0.0 6 0.0 7 0.0 8 0.0 9 0.0 
64 65 0.0  Commodities: 0 0.0 1 0.0 2 0.0 3 0.0 4 0.0 5 0.0 6 0.0 7 0.0 8 0.0 9 0.0 
65 64 0.0  Commodities: 0 0.0 1 0.0 2 0.0 3 0.0 4 0.0 5 0.0 6 0.0 7 0.0 8 0.0 9 0.0 
65 66 0.0  Commodities: 0 0.0 1 0.0 2 0.0 3 0.0 4 0.0 5 0.0 6 0.0 7 0.0 8 0.0 9 0.0 
66 65 0.0  Commodities: 0 0.0 1 0.0 2 0.0 3 0.0 4 0.0 5 0.0 6 0.0 7 0.0 8 0.0 9 0.0 
66 67 0.0  Commodities: 0 0.0 1 0.0 2 0.0 3 0.0 4 0.0 5 0.0 6 0.0 7 0.0 8 0.0 9 0.0 
67 66 0.0  Commodities: 0 0.0 1 0.0 2 0.0 3 0.0 4 0.0 5 0.0 6 0.0 7 0.0 8 0.0 9 0.0 
67 68 6.383530115028784E10  Commodities: 0 0.0 1 0.0 2 0.0 3 0.0 4 0.0 5 0.0 6 0.0 7 0.0 8 0.0 9 0.0 
68 67 0.0  Commodities: 0 0.0 1 0.0 2 0.0 3 0.0 4 0.0 5 0.0 6 0.0 7 0.0 8 0.0 9 0.0 
68 69 0.0  Commodities: 0 0.0 1 0.0 2 0.0 3 0.0 4 0.0 5 0.0 6 0.0 7 0.0 8 0.0 9 0.0 
69 68 0.0  Commodities: 0 0.0 1 0.0 2 0.0 3 0.0 4 0.0 5 0.0 6 0.0 7 0.0 8 0.0 9 0.0 
69 70 0.0  Commodities: 0 0.0 1 0.0 2 0.0 3 0.0 4 0.0 5 0.0 6 0.0 7 0.0 8 0.0 9 0.0 
70 69 0.0  Commodities: 0 6.6173870009577325 1 0.0 2 0.0 3 0.0 4 0.0 5 0.0 6 0.0 7 0.0 8 0.0 9 2.7625884040521935 
70 71 0.0  Commodities: 0 20.46699825716996 1 0.0 2 0.0 3 0.0 4 0.0 5 0.0 6 0.0 7 0.0 8 0.0 9 0.0 
71 70 15.686934378852833  Commodities: 0 0.0 1 0.0 2 0.0 3 0.0 4 0.0 5 0.0 6 0.0 7 0.0 8 0.0 9 14.725345854183155 
71 72 0.0  Commodities: 0 24.79837170981477 1 0.0 2 0.0 3 0.0 4 0.0 5 0.0 6 0.0 7 0.0 8 0.0 9 0.0 
72 71 0.0  Commodities: 0 0.0 1 0.0 2 0.0 3 0.0 4 0.0 5 0.0 6 0.0 7 0.0 8 0.0 9 14.72534585417316 
72 73 0.0  Commodities: 0 24.79837199375877 1 0.0 2 0.0 3 0.0 4 0.0 5 0.0 6 0.0 7 0.0 8 0.0 9 0.0 
73 72 15.562859627494824  Commodities: 0 0.0 1 0.0 2 0.0 3 0.0 4 0.0 5 0.0 6 0.0 7 0.0 8 0.0 9 15.63486953347145 
73 74 2.024564403526824  Commodities: 0 41.244803081868746 1 0.0 2 0.0 3 0.0 4 0.0 5 0.0 6 0.0 7 0.0 8 0.0 9 0.0 
74 73 0.0  Commodities: 0 0.0 1 0.0 2 0.0 3 0.0 4 0.0 5 0.0 6 0.0 7 0.0 8 0.0 9 15.634869534702828 
74 75 0.0  Commodities: 0 18.914635688795553 1 0.0 2 0.0 3 0.0 4 22.986453409437342 5 0.0 6 0.0 7 0.0 8 0.0 9 0.0 
75 74 6.383530057139022E10  Commodities: 0 0.0 1 0.0 2 0.0 3 0.0 4 0.0 5 0.0 6 0.0 7 0.0 8 0.0 9 15.634869534313115 
75 76 0.0  Commodities: 0 14.339670645911346 1 0.0 2 0.0 3 0.0 4 18.037630907924605 5 0.0 6 0.0 7 0.0 8 0.0 9 0.0 
76 75 4.335624508858189  Commodities: 0 0.0 1 2.128306591299537 2 0.0 3 0.0 4 0.0 5 0.0 6 0.0 7 0.0 8 0.0 9 16.34305249407139 
76 77 0.7205897769826493  Commodities: 0 14.503559676333655 1 0.0 2 0.0 3 0.0 4 18.203483578220105 5 0.0 6 0.0 7 0.34820815148566836 8 0.3625437619467519 9 0.0 
77 76 0.0  Commodities: 0 0.0 1 4.108036189559596 2 0.0 3 0.0 4 0.0 5 0.0 6 0.0 7 0.0 8 0.0 9 17.322138948081026 
77 78 0.0  Commodities: 0 15.46331186440822 1 0.0 2 0.0 3 0.0 4 19.170731316795 5 0.0 6 0.0 7 3.082974831955047 8 2.929156289568942 9 0.0 
78 77 7.348400531101106  Commodities: 0 0.0 1 1.593443594627672 2 0.0 3 0.0 4 0.0 5 0.0 6 0.0 7 0.0 8 0.0 9 2.990509504016574 
78 79 0.0  Commodities: 0 0.0 1 0.0 2 0.0 3 0.0 4 10.351222985074697 5 0.0 6 0.0 7 1.2955887182727048 8 1.1502857952135033 9 0.0 
79 78 0.0  Commodities: 0 0.0 1 31.43088589458904 2 0.0 3 0.0 4 0.0 5 0.0 6 0.0 7 0.0 8 0.0 9 27.88918928872824 
79 80 0.0  Commodities: 0 0.0 1 0.0 2 0.0 3 0.0 4 28.65594473054786 5 0.0 6 0.0 7 19.03568530747818 8 5.924687297270896 9 0.0 
80 79 0.0  Commodities: 0 0.0 1 23.29368482740759 2 0.0 3 0.0 4 0.0 5 0.0 6 0.0 7 0.0 8 0.0 9 19.00022363494658 
80 81 2.0920874453546503  Commodities: 0 0.0 1 0.0 2 0.0 3 0.0 4 42.85168414693825 5 0.0 6 0.0 7 30.941293014573404 8 10.053658449462896 9 0.0 
81 80 0.0  Commodities: 0 0.0 1 52.29681400868459 2 0.0 3 0.0 4 0.0 5 2.909392169444186 6 0.0 7 0.0 8 0.0 9 38.54585342080221 
81 82 0.0  Commodities: 0 0.0 1 0.0 2 0.0 3 0.0 4 25.783999814998882 5 0.0 6 0.0 7 17.715956400718103 8 6.310046354324609 9 0.0 
82 81 0.0  Commodities: 0 0.0 1 52.0069882984426 2 0.0 3 0.0 4 0.0 5 2.5093294777082 6 0.0 7 0.0 8 0.0 9 38.24625422343256 
82 83 0.0  Commodities: 0 0.0 1 0.0 2 0.0 3 0.0 4 33.55076342403924 5 0.0 6 17.1472636714391 7 26.071611856805387 8 29.38648061081613 9 0.0 
83 82 4.098350465557189  Commodities: 0 0.0 1 52.28706083212547 2 0.0 3 0.0 4 0.0 5 2.706874483533821 6 0.0 7 0.0 8 0.0 9 38.5141385600535 
83 84 0.0  Commodities: 0 0.0 1 0.0 2 0.0 3 0.0 4 33.55076342424297 5 0.0 6 17.147263671642133 7 26.07161185700908 8 29.386480611019874 9 0.0 
84 83 0.0  Commodities: 0 0.0 1 0.0 2 0.0 3 0.0 4 0.0 5 3.2466734452688875 6 0.0 7 0.0 8 0.0 9 42.94867644556522 
84 85 0.0  Commodities: 0 0.0 1 0.0 2 0.0 3 0.0 4 14.543652444565305 5 0.0 6 9.976688318790151 7 14.01140206204306 8 11.621594675510083 9 0.0 
85 84 0.0  Commodities: 0 0.0 1 0.0 2 0.0 3 0.0 4 0.0 5 0.0 6 0.0 7 0.0 8 0.0 9 42.48315731716088 
85 86 0.0  Commodities: 0 0.0 1 0.0 2 0.0 3 0.0 4 5.019039156506451 5 0.0 6 3.9666765119346685 7 6.380134048904224 8 0.0 9 0.0 
86 85 26.446672021942206  Commodities: 0 0.0 1 0.0 2 0.0 3 0.0 4 0.0 5 0.0 6 0.0 7 0.0 8 0.0 9 55.82948497978412 
86 87 0.0  Commodities: 0 0.0 1 0.0 2 0.0 3 0.0 4 5.019039156484675 5 0.0 6 3.9666765119127723 7 6.380134048882127 8 0.0 9 0.0 
87 86 0.0  Commodities: 0 0.0 1 0.0 2 0.0 3 0.0 4 0.0 5 0.0 6 0.0 7 0.0 8 0.0 9 0.0 
87 88 0.0  Commodities: 0 0.0 1 0.0 2 0.0 3 0.0 4 14.60363149593542 5 0.0 6 13.263393202666384 7 31.016302532467613 8 0.0 9 0.0 
88 87 0.0  Commodities: 0 0.0 1 0.0 2 5.698566579357354 3 0.0 4 0.0 5 0.0 6 0.0 7 0.0 8 0.0 9 0.0 
88 89 11.867310575522652  Commodities: 0 0.0 1 0.0 2 0.0 3 0.0 4 0.34257502204079726 5 0.0 6 5.879085527799635 7 0.0 8 0.0 9 0.0 
89 88 2.3735437704317803  Commodities: 0 0.0 1 0.0 2 3.467757629867774 3 0.0 4 0.0 5 0.0 6 0.0 7 0.0 8 0.0 9 0.0 
89 90 0.545362624334075  Commodities: 0 0.0 1 0.0 2 0.0 3 0.0 4 0.6876806404545028 5 0.0 6 15.864825472976051 7 0.0 8 0.0 9 0.0 
90 89 0.0  Commodities: 0 0.0 1 0.0 2 0.0 3 0.0 4 0.0 5 0.0 6 0.0 7 0.0 8 0.0 9 0.0 
90 91 0.0  Commodities: 0 0.0 1 0.0 2 0.0 3 5.811341128741055 4 0.9162513452385426 5 0.0 6 0.0 7 0.0 8 0.0 9 0.0 
91 90 0.0  Commodities: 0 0.0 1 0.0 2 0.0 3 0.0 4 0.0 5 0.0 6 0.0 7 0.0 8 0.0 9 0.0 
91 92 58.36841310190107  Commodities: 0 0.0 1 0.0 2 0.0 3 0.0 4 0.0 5 0.0 6 0.0 7 0.0 8 0.0 9 0.0 
92 91 0.0  Commodities: 0 0.0 1 0.0 2 0.0 3 42.09226096012261 4 0.0 5 0.0 6 0.0 7 0.0 8 0.0 9 0.0 
Feasibility: true
 Execution Time:  74869 ms
 false Commodity ID : 0 KP : 743.5383780426862 LP : 763.1217262782941
 false Commodity ID : 1 KP : 6.3835301449538994E10 LP : 6.38353014602332E10
 false Commodity ID : 2 KP : 41.553378389781116 LP : 47.024068704701996
 true Commodity ID : 3 KP : 109.71247292015413 LP : 109.71247292015413
 false Commodity ID : 4 KP : 1417.7927016375772 LP : 1453.1355455008927
 false Commodity ID : 5 KP : 439.95487617333464 LP : 448.63616175250263
 false Commodity ID : 6 KP : 767.2254658305178 LP : 786.2796993242677
 false Commodity ID : 7 KP : 1291.9707713524238 LP : 1318.763568519035
 false Commodity ID : 8 KP : 1082.8266411928626 LP : 1116.8984306968616
 false Commodity ID : 9 KP : 6.383530166290339E10 LP : 6.383530168337209E10

Number of Toll Stations: 66
SocialOptimum : 482290.06895708817
