0 1 0.0  Commodities: 0 0.0 1 0.0 2 0.0 3 0.0 4 0.0 5 0.0 6 0.0 
1 0 0.0  Commodities: 0 0.0 1 0.0 2 0.0 3 0.0 4 0.0 5 0.0 6 0.0 
0 13 0.0  Commodities: 0 0.0 1 0.0 2 0.0 3 0.0 4 0.0 5 0.0 6 0.0 
13 0 0.0  Commodities: 0 0.0 1 0.0 2 0.0 3 0.0 4 0.0 5 0.0 6 0.0 
1 2 0.0  Commodities: 0 0.0 1 0.0 2 0.0 3 2.030124075866267 4 0.0 5 0.0 6 0.0 
2 1 0.0  Commodities: 0 0.0 1 0.0 2 0.0 3 0.0 4 0.0 5 0.0 6 0.0 
1 14 0.0  Commodities: 0 0.0 1 0.0 2 0.0 3 0.0 4 0.0 5 0.0 6 0.0 
14 1 0.6597690374392471  Commodities: 0 0.0 1 0.0 2 0.0 3 2.030124068615841 4 0.0 5 0.0 6 0.0 
2 3 0.03304530649586468  Commodities: 0 33.99999999861205 1 0.0 2 0.0 3 2.847993465282078 4 0.0 5 0.0 6 0.0 
3 2 0.0  Commodities: 0 0.0 1 0.0 2 0.0 3 0.0 4 0.0 5 0.0 6 0.0 
2 15 0.0  Commodities: 0 0.0 1 0.0 2 0.0 3 0.0 4 0.0 5 0.0 6 0.0 
15 2 0.0  Commodities: 0 0.0 1 0.0 2 0.0 3 0.8178693900807188 4 0.0 5 0.0 6 0.0 
3 4 0.0  Commodities: 0 33.999999998378215 1 0.0 2 7.051441545411528 3 3.8174547968084154 4 0.0 5 0.0 6 0.0 
4 3 0.0  Commodities: 0 0.0 1 0.0 2 0.0 3 0.0 4 0.0 5 0.0 6 0.0 
3 16 0.0  Commodities: 0 0.0 1 0.0 2 0.0 3 0.0 4 0.0 5 0.0 6 0.0 
16 3 0.0  Commodities: 0 0.0 1 0.0 2 7.051441543492762 3 0.9694613320788473 4 0.0 5 0.0 6 0.0 
4 5 0.0  Commodities: 0 16.376580133533025 1 0.0 2 2.400799302983281 3 0.0 4 0.0 5 0.0 6 0.0 
5 4 0.0  Commodities: 0 0.0 1 0.0 2 0.0 3 0.0 4 0.0 5 0.0 6 0.0 
4 17 0.0  Commodities: 0 17.623419864708463 1 0.0 2 4.650642242289406 3 3.8174547956347764 4 0.0 5 0.0 6 0.0 
17 4 0.0  Commodities: 0 0.0 1 0.0 2 0.0 3 0.0 4 0.0 5 0.0 6 0.0 
5 6 0.0  Commodities: 0 14.765074153599054 1 0.0 2 0.0 3 0.0 4 12.732736440765708 5 0.0 6 0.0 
6 5 0.0  Commodities: 0 0.0 1 0.0 2 0.0 3 0.0 4 0.0 5 0.0 6 0.0 
5 18 0.0  Commodities: 0 1.6115059801056053 1 0.0 2 2.400799302576876 3 0.0 4 0.0 5 0.0 6 0.0 
18 5 0.0  Commodities: 0 0.0 1 0.0 2 0.0 3 0.0 4 12.732736440727773 5 0.0 6 0.0 
6 7 4.4661016321893925  Commodities: 0 0.0 1 0.0 2 0.0 3 0.0 4 12.73273644246829 5 0.0 6 0.0 
7 6 2.452899085991916  Commodities: 0 0.0 1 17.295964063176207 2 0.0 3 0.0 4 0.0 5 0.0 6 0.0 
6 19 1.6286612178710769  Commodities: 0 14.76507415288769 1 0.0 2 0.0 3 0.0 4 0.0 5 0.0 6 0.0 
19 6 0.0  Commodities: 0 0.0 1 11.704035936913685 2 0.0 3 0.0 4 0.0 5 0.0 6 0.0 
7 8 2.4172473767138207  Commodities: 0 0.0 1 0.0 2 0.0 3 0.0 4 16.03679307966183 5 0.0 6 0.0 
8 7 2.369263330721438  Commodities: 0 0.0 1 19.953364338408498 2 0.0 3 0.0 4 0.0 5 0.0 6 0.5317190672491495 
7 20 0.0  Commodities: 0 0.0 1 2.657400275710783 2 0.0 3 0.0 4 0.0 5 0.0 6 0.531719067630419 
20 7 0.0  Commodities: 0 0.0 1 0.0 2 0.0 3 0.0 4 3.3040566376430722 5 0.0 6 0.0 
8 9 2.651416615132895  Commodities: 0 0.0 1 0.0 2 0.0 3 0.0 4 18.079942116934227 5 0.0 6 0.0 
9 8 0.0  Commodities: 0 0.0 1 27.150811148549085 2 0.0 3 0.0 4 0.0 5 0.0 6 0.8126547558072197 
8 21 1.662929405589999  Commodities: 0 0.0 1 7.1974468103472065 2 0.0 3 0.0 4 0.0 5 0.0 6 0.2809356887701244 
21 8 0.0  Commodities: 0 0.0 1 0.0 2 0.0 3 0.0 4 2.0431490374834795 5 0.0 6 0.0 
9 10 6.784351024089233  Commodities: 0 0.0 1 0.0 2 0.0 3 0.0 4 19.416305252628796 5 0.0 6 0.0 
10 9 0.0  Commodities: 0 0.0 1 0.0 2 0.0 3 0.0 4 0.0 5 0.0 6 0.9935514118315701 
9 22 0.0  Commodities: 0 0.0 1 1.8491888526077116 2 0.0 3 0.0 4 0.0 5 0.0 6 0.1808966575697315 
22 9 0.0  Commodities: 0 0.0 1 0.0 2 0.0 3 0.0 4 1.3363631368186295 5 0.0 6 0.0 
10 11 7.960124792798226  Commodities: 0 0.0 1 0.0 2 0.0 3 0.0 4 24.021270119128435 5 0.0 6 0.0 
11 10 0.0  Commodities: 0 0.0 1 0.0 2 0.0 3 0.0 4 0.0 5 0.0 6 7.727194851183867 
10 23 3.273573553298725  Commodities: 0 0.0 1 0.0 2 0.0 3 0.0 4 0.0 5 0.0 6 6.733643439582781 
23 10 0.0  Commodities: 0 0.0 1 0.0 2 0.0 3 0.0 4 4.604964866729161 5 0.0 6 0.0 
11 12 0.0  Commodities: 0 0.0 1 0.0 2 0.0 3 0.0 4 0.0 5 0.0 6 0.0 
12 11 0.0  Commodities: 0 0.0 1 0.0 2 0.0 3 0.0 4 0.0734693517186561 5 0.0 6 7.727194851945264 
11 24 0.0  Commodities: 0 0.0 1 0.0 2 0.0 3 0.0 4 0.0 5 0.0 6 0.0 
24 11 7.037882803520432  Commodities: 0 0.0 1 0.0 2 0.0 3 0.0 4 31.905260530306553 5 0.0 6 0.0 
12 25 0.0  Commodities: 0 0.0 1 0.0 2 0.0 3 0.0 4 0.0 5 0.0 6 0.0 
25 12 0.0  Commodities: 0 0.0 1 0.0 2 0.0 3 0.0 4 0.07346935157475776 5 0.0 6 7.727194851802381 
13 14 0.0  Commodities: 0 0.0 1 0.0 2 0.0 3 0.0 4 0.0 5 0.0 6 0.0 
14 13 0.0  Commodities: 0 0.0 1 0.0 2 0.0 3 0.0 4 0.0 5 0.0 6 0.0 
13 26 0.0  Commodities: 0 0.0 1 0.0 2 0.0 3 0.0 4 0.0 5 0.0 6 0.0 
26 13 0.0  Commodities: 0 0.0 1 0.0 2 0.0 3 0.0 4 0.0 5 0.0 6 0.0 
14 15 0.0  Commodities: 0 0.0 1 0.0 2 0.0 3 0.08158387823405527 4 0.0 5 0.0 6 0.0 
15 14 0.0  Commodities: 0 0.0 1 0.0 2 0.0 3 0.0 4 0.0 5 0.0 6 0.0 
14 27 0.0  Commodities: 0 0.0 1 0.0 2 0.0 3 0.0 4 0.0 5 0.0 6 0.0 
27 14 0.0  Commodities: 0 0.0 1 0.0 2 0.0 3 2.111707948578308 4 0.0 5 0.0 6 0.0 
15 16 0.0  Commodities: 0 0.0 1 0.0 2 0.0 3 1.0903282362119318 4 0.0 5 0.0 6 0.0 
16 15 0.0  Commodities: 0 0.0 1 0.0 2 0.0 3 0.0 4 0.0 5 0.0 6 0.0 
15 28 0.0  Commodities: 0 0.0 1 0.0 2 0.0 3 0.0 4 0.0 5 0.0 6 0.0 
28 15 3.77994420456821  Commodities: 0 0.0 1 0.0 2 0.0 3 1.8266137481728426 4 0.0 5 0.0 6 0.0 
16 17 5.580719485115111  Commodities: 0 0.0 1 0.0 2 12.199894382971857 3 0.8728854903563001 4 0.0 5 0.0 6 0.0 
17 16 0.0  Commodities: 0 0.0 1 0.0 2 0.0 3 0.0 4 0.0 5 0.0 6 0.0 
16 29 0.0  Commodities: 0 0.0 1 0.0 2 0.0 3 0.0 4 0.0 5 0.0 6 0.0 
29 16 0.0  Commodities: 0 0.0 1 0.0 2 19.251335926872763 3 0.7520185866363085 4 0.0 5 0.0 6 0.0 
17 18 3.58988039130935  Commodities: 0 13.224904412476299 1 0.0 2 15.413761558273224 3 0.0 4 0.0 5 0.0 6 0.0 
18 17 0.0  Commodities: 0 0.0 1 0.0 2 0.0 3 0.0 4 0.0 5 52.289803424032144 6 0.0 
17 30 1.020527885101572  Commodities: 0 4.39851545332989 1 0.0 2 1.4367750671120902 3 4.690340285729426 4 0.0 5 0.0 6 0.0 
30 17 1.096848220454902  Commodities: 0 0.0 1 0.0 2 0.0 3 0.0 4 0.0 5 8.710196575562815 6 0.0 
18 19 0.0  Commodities: 0 2.476760474460545 1 0.0 2 0.0 3 0.0 4 14.534893205679934 5 0.0 6 0.0 
19 18 3.6263316885571015  Commodities: 0 0.0 1 0.0 2 0.0 3 0.0 4 0.0 5 11.229438924162647 6 0.0 
18 31 0.0  Commodities: 0 12.35964991787934 1 0.0 2 17.814560860367493 3 0.0 4 28.732370352919002 5 0.0 6 0.0 
31 18 0.0  Commodities: 0 0.0 1 0.0 2 0.0 3 0.0 4 0.0 5 41.0603644994567 6 0.0 
19 20 0.7070191252771423  Commodities: 0 0.0 1 0.0 2 0.0 3 0.0 4 11.3410290206619 5 0.0 6 0.0 
20 19 0.0  Commodities: 0 0.0 1 11.704035932500894 2 0.0 3 0.0 4 0.0 5 7.480435858805273 6 0.0 
19 32 3.8611159632121854  Commodities: 0 17.24183462730527 1 0.0 2 0.0 3 0.0 4 3.193864183658114 5 0.0 6 0.0 
32 19 0.0  Commodities: 0 0.0 1 0.0 2 0.0 3 0.0 4 0.0 5 3.7490030659908062 6 0.0 
20 21 3.6172023436851344  Commodities: 0 0.0 1 0.0 2 0.0 3 0.0 4 7.655277884492115 5 0.0 6 0.0 
21 20 0.4758223723271726  Commodities: 0 0.0 1 9.04663566051472 2 0.0 3 0.0 4 0.0 5 7.480435857059336 6 10.594242069020977 
20 33 0.0  Commodities: 0 0.0 1 0.0 2 0.0 3 0.0 4 0.38169449980293124 5 0.0 6 11.125961136743731 
33 20 0.0  Commodities: 0 0.0 1 0.0 2 0.0 3 0.0 4 0.0 5 0.0 6 0.0 
21 22 2.8537796508881925  Commodities: 0 0.0 1 0.0 2 0.0 3 0.0 4 4.427105794976169 5 0.0 6 0.0 
22 21 0.0  Commodities: 0 0.0 1 1.8491888502197775 2 0.0 3 0.0 4 0.0 5 0.0 6 10.31330638050785 
21 34 0.0  Commodities: 0 0.0 1 0.0 2 0.0 3 0.0 4 1.1850230522892102 5 0.0 6 0.0 
34 21 4.2648888437235115  Commodities: 0 0.0 1 0.0 2 0.0 3 0.0 4 0.0 5 7.4804358534855 6 0.0 
22 23 3.022161020200272  Commodities: 0 0.0 1 0.0 2 0.0 3 0.0 4 8.229187648885503 5 0.0 6 0.0 
23 22 0.0  Commodities: 0 0.0 1 0.0 2 0.0 3 0.0 4 0.0 5 0.0 6 15.532469462972008 
22 35 4.077241073157232  Commodities: 0 0.0 1 0.0 2 0.0 3 0.0 4 0.0 5 0.0 6 5.400059738070329 
35 22 0.0  Commodities: 0 0.0 1 0.0 2 0.0 3 0.0 4 5.138444989180241 5 0.0 6 0.0 
23 24 0.0  Commodities: 0 0.0 1 0.0 2 0.0 3 0.0 4 15.855041429441554 5 0.0 6 0.0 
24 23 5.68068607862422  Commodities: 0 0.0 1 0.0 2 0.0 3 0.0 4 0.0 5 0.0 6 8.798826027633453 
23 36 0.0  Commodities: 0 0.0 1 0.0 2 0.0 3 0.0 4 0.0 5 0.0 6 0.0 
36 23 0.0  Commodities: 0 0.0 1 0.0 2 0.0 3 0.0 4 12.230818647750523 5 0.0 6 0.0 
24 25 0.0  Commodities: 0 0.0 1 0.0 2 0.0 3 0.0 4 0.07346935085322862 5 0.0 6 0.0 
25 24 2.383179186263689  Commodities: 0 0.0 1 0.0 2 0.0 3 0.0 4 0.0 5 0.0 6 7.885593687886267 
24 37 0.0  Commodities: 0 0.0 1 0.0 2 0.0 3 0.0 4 0.0 5 0.0 6 0.0 
37 24 0.9129609842697448  Commodities: 0 0.0 1 0.0 2 0.0 3 0.0 4 16.12368845182356 5 0.0 6 0.9132323406418885 
25 38 0.0  Commodities: 0 0.0 1 0.0 2 0.0 3 0.0 4 0.0 5 0.0 6 0.0 
38 25 0.0  Commodities: 0 0.0 1 0.0 2 0.0 3 0.0 4 0.0 5 0.0 6 15.612788538848072 
26 27 0.0  Commodities: 0 0.0 1 0.0 2 0.0 3 0.0 4 0.0 5 0.0 6 0.0 
27 26 0.0  Commodities: 0 0.0 1 0.0 2 0.0 3 0.0 4 0.0 5 0.0 6 0.0 
26 39 0.0  Commodities: 0 0.0 1 0.0 2 0.0 3 0.0 4 0.0 5 0.0 6 0.0 
39 26 0.0  Commodities: 0 0.0 1 0.0 2 0.0 3 0.0 4 0.0 5 0.0 6 0.0 
27 28 0.0  Commodities: 0 0.0 1 0.0 2 0.0 3 0.0 4 0.0 5 0.0 6 0.0 
28 27 0.0  Commodities: 0 0.0 1 0.0 2 0.0 3 2.1117079693601424 4 0.0 5 0.0 6 0.0 
27 40 0.0  Commodities: 0 0.0 1 0.0 2 0.0 3 0.0 4 0.0 5 0.0 6 0.0 
40 27 0.0  Commodities: 0 0.0 1 0.0 2 0.0 3 0.0 4 0.0 5 0.0 6 0.0 
28 29 0.3964924523736073  Commodities: 0 0.0 1 0.0 2 0.0 3 1.421256265465474 4 0.0 5 0.0 6 0.0 
29 28 0.0  Commodities: 0 0.0 1 0.0 2 0.0 3 0.0 4 0.0 5 0.0 6 0.0 
28 41 0.45378647323796883  Commodities: 0 0.0 1 0.0 2 0.0 3 43.640422018289385 4 0.0 5 0.0 6 0.0 
41 28 0.0  Commodities: 0 0.0 1 0.0 2 0.0 3 0.0 4 0.0 5 0.0 6 0.0 
29 30 9.029480141871886  Commodities: 0 0.0 1 0.0 2 21.748664071931028 3 0.5263396254399686 4 0.0 5 0.0 6 0.0 
30 29 0.0  Commodities: 0 0.0 1 0.0 2 0.0 3 0.0 4 0.0 5 0.0 6 0.0 
29 42 0.0  Commodities: 0 0.0 1 0.0 2 0.0 3 0.14289805425592053 4 0.0 5 0.0 6 0.0 
42 29 0.0  Commodities: 0 0.0 1 0.0 2 0.0 3 0.0 4 0.0 5 0.0 6 0.0 
30 31 3.640681228372401  Commodities: 0 1.8091576064226733 1 0.0 2 23.18543913846806 3 0.0 4 0.0 5 0.0 6 0.0 
31 30 0.0  Commodities: 0 0.0 1 0.0 2 0.0 3 0.0 4 0.0 5 6.529936468001225 6 0.0 
30 43 0.0  Commodities: 0 2.5893578472342784 1 0.0 2 0.0 3 5.216679910789614 4 0.0 5 0.0 6 0.0 
43 30 0.0  Commodities: 0 0.0 1 0.0 2 0.0 3 0.0 4 0.0 5 2.180260107645545 6 0.0 
31 32 0.0  Commodities: 0 14.168807523988782 1 0.0 2 0.0 3 0.0 4 27.067199229586603 5 0.0 6 0.0 
32 31 0.03984997126720202  Commodities: 0 0.0 1 0.0 2 0.0 3 0.0 4 0.0 5 41.62449363121046 6 0.0 
31 44 0.0  Commodities: 0 0.0 1 0.0 2 0.0 3 0.0 4 1.6651711237181939 5 0.0 6 0.0 
44 31 1.4283029777636802  Commodities: 0 0.0 1 0.0 2 0.0 3 0.0 4 0.0 5 5.965807336384302 6 0.0 
32 33 2.139147140975407  Commodities: 0 0.0 1 0.0 2 0.0 3 0.0 4 29.090584921955898 5 0.0 6 0.0 
33 32 0.0  Commodities: 0 0.0 1 0.0 2 0.0 3 0.0 4 0.0 5 45.264933641137766 6 0.0 
32 45 0.0  Commodities: 0 0.0 1 0.0 2 0.0 3 0.0 4 1.1704784916688042 5 0.0 6 0.0 
45 32 0.0  Commodities: 0 2.5893578490073805 1 0.0 2 0.0 3 0.0 4 0.0 5 0.10856305642047998 6 0.0 
33 34 0.0  Commodities: 0 0.0 1 0.0 2 0.0 3 0.0 4 23.246051757795097 5 0.0 6 0.0 
34 33 6.724212374380656  Commodities: 0 0.0 1 0.0 2 0.0 3 0.0 4 0.0 5 18.96891784565019 6 0.0 
33 46 0.0  Commodities: 0 0.0 1 0.0 2 0.0 3 0.0 4 6.22622766320539 5 0.0 6 11.125961136187374 
46 33 0.20981712233984773  Commodities: 0 0.0 1 0.0 2 0.0 3 0.0 4 0.0 5 26.296015795442095 6 0.0 
34 35 0.0  Commodities: 0 0.0 1 0.0 2 0.0 3 0.0 4 24.431074806714705 5 0.0 6 0.0 
35 34 0.0  Commodities: 0 0.0 1 0.0 2 0.0 3 0.0 4 0.0 5 26.799024909720238 6 27.500986667128483 
34 47 0.0  Commodities: 0 0.0 1 0.0 2 0.0 3 0.0 4 0.0 5 0.3496712109619366 6 27.50098666729462 
47 34 0.0  Commodities: 0 0.0 1 0.0 2 0.0 3 0.0 4 0.0 5 0.0 6 0.0 
35 36 0.0  Commodities: 0 0.0 1 0.0 2 0.0 3 0.0 4 18.60344707344352 5 0.0 6 0.0 
36 35 1.8934597790157923  Commodities: 0 0.0 1 0.0 2 0.0 3 0.0 4 0.0 5 0.0 6 21.75343932663298 
35 48 0.0  Commodities: 0 0.0 1 0.0 2 0.0 3 0.0 4 0.6891827449325939 5 0.0 6 0.0 
48 35 0.0  Commodities: 0 0.0 1 0.0 2 0.0 3 0.0 4 0.0 5 26.799024914761656 6 0.34748760325323713 
36 37 0.24635045506013853  Commodities: 0 0.0 1 0.0 2 0.0 3 0.0 4 5.918050610002349 5 0.0 6 0.0 
37 36 11.960141968904693  Commodities: 0 0.0 1 0.0 2 0.0 3 0.0 4 0.0 5 0.0 6 21.75343932122181 
36 49 0.0  Commodities: 0 0.0 1 0.0 2 0.0 3 0.0 4 0.45457781610830017 5 0.0 6 0.0 
49 36 0.0  Commodities: 0 0.0 1 0.0 2 0.0 3 0.0 4 0.0 5 0.0 6 0.0 
37 38 0.0  Commodities: 0 0.0 1 0.0 2 0.0 3 0.0 4 0.0 5 0.0 6 0.0 
38 37 0.0  Commodities: 0 0.0 1 0.0 2 0.0 3 0.0 4 0.0 5 0.0 6 38.728252128616674 
37 50 0.0  Commodities: 0 0.0 1 0.0 2 0.0 3 0.0 4 0.0 5 0.0 6 16.061580467722152 
50 37 0.0  Commodities: 0 0.0 1 0.0 2 0.0 3 0.0 4 10.205637841265162 5 0.0 6 0.0 
38 51 0.0  Commodities: 0 0.0 1 0.0 2 0.0 3 0.0 4 0.0 5 0.0 6 6.65895933391608 
51 38 0.0  Commodities: 0 0.0 1 0.0 2 0.0 3 0.0 4 0.0 5 0.0 6 0.0 
39 40 0.0  Commodities: 0 0.0 1 0.0 2 0.0 3 0.0 4 0.0 5 0.0 6 0.0 
40 39 0.0  Commodities: 0 0.0 1 0.0 2 0.0 3 0.0 4 0.0 5 0.0 6 0.0 
40 41 0.0  Commodities: 0 0.0 1 0.0 2 0.0 3 0.0 4 0.0 5 0.0 6 0.0 
41 40 0.0  Commodities: 0 0.0 1 0.0 2 0.0 3 0.0 4 0.0 5 0.0 6 0.0 
41 42 0.0  Commodities: 0 0.0 1 0.0 2 0.0 3 43.64042203485912 4 0.0 5 0.0 6 0.0 
42 41 0.0  Commodities: 0 0.0 1 0.0 2 0.0 3 0.0 4 0.0 5 0.0 6 0.0 
42 43 8.570451708539451  Commodities: 0 0.0 1 0.0 2 0.0 3 43.78332008820311 4 0.0 5 0.0 6 0.0 
43 42 0.0  Commodities: 0 0.0 1 0.0 2 0.0 3 0.0 4 0.0 5 0.0 6 0.0 
43 44 0.0  Commodities: 0 2.5893578482263 1 0.0 2 0.0 3 0.0 4 0.0 5 0.0 6 0.0 
44 43 0.0  Commodities: 0 0.0 1 0.0 2 0.0 3 0.0 4 0.0 5 2.1802601081739854 6 0.0 
44 45 4.162566773186587  Commodities: 0 2.5893578488690587 1 0.0 2 0.0 3 0.0 4 1.6651711248965186 5 0.0 6 0.0 
45 44 0.0  Commodities: 0 0.0 1 0.0 2 0.0 3 0.0 4 0.0 5 8.146067444735055 6 0.0 
45 46 0.0  Commodities: 0 0.0 1 0.0 2 0.0 3 0.0 4 2.835649615453371 5 0.0 6 0.0 
46 45 0.0  Commodities: 0 0.0 1 0.0 2 0.0 3 0.0 4 0.0 5 8.254630500092452 6 0.0 
46 47 0.0  Commodities: 0 0.0 1 0.0 2 0.0 3 0.0 4 9.061877278411265 5 0.0 6 0.0 
47 46 0.0  Commodities: 0 0.0 1 0.0 2 0.0 3 0.0 4 0.0 5 34.55064629529136 6 49.874038863892764 
47 48 2.4134790525400547  Commodities: 0 0.0 1 0.0 2 0.0 3 0.0 4 9.061877281696304 5 0.0 6 0.0 
48 47 7.841985092587535  Commodities: 0 0.0 1 0.0 2 0.0 3 0.0 4 0.0 5 34.20097508462454 6 22.37305219688109 
48 49 1.656688310356401  Commodities: 0 0.0 1 0.0 2 0.0 3 0.0 4 9.751060026331693 5 0.0 6 0.0 
49 48 0.0  Commodities: 0 0.0 1 0.0 2 0.0 3 0.0 4 0.0 5 0.0 6 22.720539799849842 
49 50 0.0  Commodities: 0 0.0 1 0.0 2 0.0 3 0.0 4 10.205637841868219 5 0.0 6 0.0 
50 49 8.504081373098543  Commodities: 0 0.0 1 0.0 2 0.0 3 0.0 4 0.0 5 0.0 6 22.720539800406055 
50 51 0.0  Commodities: 0 0.0 1 0.0 2 0.0 3 0.0 4 0.0 5 0.0 6 0.0 
51 50 3.1649637128754193  Commodities: 0 0.0 1 0.0 2 0.0 3 0.0 4 0.0 5 0.0 6 6.658959332905072 
 Execution Time:  999034 ms
 true Commodity ID : 0 KP : 133.3224818779159 LP : 133.3224818779159
 true Commodity ID : 1 KP : 117.91472092235801 LP : 117.91472092235801
 true Commodity ID : 2 KP : 111.2622226584328 LP : 111.2622226584328
 true Commodity ID : 3 KP : 126.43897268210682 LP : 126.43897268210682
 true Commodity ID : 4 KP : 215.77419446098983 LP : 215.77419446098983
 true Commodity ID : 5 KP : 149.1036762431151 LP : 149.1036762431151
 true Commodity ID : 6 KP : 180.99402632115647 LP : 180.99402632115647

Number of Toll Stations: 49
SocialOptimum : 7164903.174246059
