0 1 0.0  Commodities: 0 0.0 1 0.0 2 0.0 3 0.0 4 0.0 5 0.0 
1 0 0.0  Commodities: 0 0.0 1 0.0 2 0.0 3 15.387923000847001 4 0.0 5 0.0 
0 12 0.0  Commodities: 0 0.0 1 0.0 2 0.0 3 15.387922999728096 4 0.0 5 0.0 
12 0 0.0  Commodities: 0 0.0 1 0.0 2 0.0 3 0.0 4 0.0 5 0.0 
1 2 0.0  Commodities: 0 0.0 1 0.0 2 0.0 3 78.8012828890634 4 0.0 5 0.0 
2 1 0.0  Commodities: 0 0.0 1 0.0 2 0.0 3 0.0 4 0.0 5 0.0 
1 13 2.588167032327476  Commodities: 0 0.0 1 0.0 2 0.0 3 3.8107941115867057 4 0.0 5 0.0 
13 1 0.0  Commodities: 0 0.0 1 0.0 2 0.0 3 0.0 4 0.0 5 0.0 
2 3 2.661307843593818  Commodities: 0 0.0 1 0.0 2 0.0 3 77.19745036841717 4 0.0 5 0.0 
3 2 0.0  Commodities: 0 0.0 1 0.0 2 0.0 3 0.0 4 0.0 5 0.0 
2 14 5.801186812184881  Commodities: 0 0.0 1 0.0 2 0.0 3 1.6038325209175384 4 0.0 5 0.0 
14 2 0.0  Commodities: 0 0.0 1 0.0 2 0.0 3 0.0 4 0.0 5 0.0 
3 4 0.0  Commodities: 0 0.0 1 0.0 2 0.0 3 76.98953329740249 4 0.0 5 0.0 
4 3 0.0  Commodities: 0 0.0 1 0.0 2 0.0 3 0.0 4 0.0 5 0.0 
3 15 0.0  Commodities: 0 0.0 1 0.0 2 0.0 3 0.207917072392719 4 0.0 5 0.0 
15 3 0.0  Commodities: 0 0.0 1 0.0 2 0.0 3 0.0 4 0.0 5 0.0 
4 5 0.0  Commodities: 0 0.0 1 0.0 2 0.0 3 27.127970688463986 4 0.0 5 0.0 
5 4 0.0  Commodities: 0 0.0 1 0.0 2 0.0 3 0.0 4 0.0 5 0.0 
4 16 0.21801967230322816  Commodities: 0 0.0 1 0.0 2 0.0 3 49.86156260839383 4 0.0 5 0.0 
16 4 0.0  Commodities: 0 0.0 1 0.0 2 0.0 3 0.0 4 0.0 5 0.0 
5 6 12.423342904734284  Commodities: 0 0.0 1 0.0 2 0.0 3 20.511498811402156 4 0.0 5 0.0 
6 5 0.0  Commodities: 0 0.0 1 0.0 2 0.0 3 0.0 4 0.0 5 0.0 
5 17 0.0  Commodities: 0 0.0 1 0.0 2 0.0 3 6.6164718778955365 4 0.0 5 0.0 
17 5 0.0  Commodities: 0 0.0 1 0.0 2 0.0 3 0.0 4 0.0 5 0.0 
6 7 0.0  Commodities: 0 0.0 1 0.0 2 0.0 3 13.944119424851161 4 0.0 5 0.0 
7 6 0.0  Commodities: 0 0.0 1 0.0 2 0.0 3 0.0 4 0.0 5 0.0 
6 18 0.7446986555145543  Commodities: 0 0.0 1 0.0 2 0.0 3 6.56737938633417 4 0.0 5 0.0 
18 6 0.0  Commodities: 0 0.0 1 0.0 2 0.0 3 0.0 4 0.0 5 0.0 
7 8 0.0  Commodities: 0 0.0 1 2.0329729996372854 2 0.0 3 16.82620529507385 4 0.0 5 0.0 
8 7 0.0  Commodities: 0 0.0 1 0.0 2 0.0 3 0.0 4 0.0 5 0.0 
7 19 0.0  Commodities: 0 0.0 1 0.0 2 0.0 3 0.0 4 0.0 5 0.0 
19 7 0.0  Commodities: 0 0.0 1 2.0329729982534976 2 0.0 3 2.882085871229361 4 0.0 5 0.0 
8 9 0.2003063033328587  Commodities: 0 0.0 1 0.0 2 0.0 3 6.421839512089887 4 0.0 5 0.0 
9 8 0.0  Commodities: 0 0.0 1 0.0 2 0.0 3 0.0 4 0.0 5 0.0 
8 20 0.5919682664013806  Commodities: 0 0.0 1 2.0329729960141 2 0.0 3 10.404365783974054 4 0.0 5 0.0 
20 8 0.0  Commodities: 0 0.0 1 0.0 2 0.0 3 0.0 4 0.0 5 0.0 
9 10 0.0  Commodities: 0 0.0 1 0.0 2 0.0 3 6.421839526729571 4 0.0 5 0.0 
10 9 0.0  Commodities: 0 0.0 1 0.0 2 0.0 3 0.0 4 0.0 5 0.0 
9 21 0.0  Commodities: 0 0.0 1 0.0 2 0.0 3 0.0 4 0.0 5 0.0 
21 9 0.0  Commodities: 0 0.0 1 0.0 2 0.0 3 0.0 4 0.0 5 0.0 
10 11 0.0  Commodities: 0 0.0 1 0.0 2 0.0 3 9.87173032698902 4 0.0 5 0.0 
11 10 0.0  Commodities: 0 0.0 1 0.0 2 0.0 3 0.0 4 0.0 5 0.0 
10 22 0.0  Commodities: 0 0.0 1 0.0 2 0.0 3 0.0 4 0.0 5 0.0 
22 10 0.0  Commodities: 0 0.0 1 0.0 2 0.0 3 3.4498908012366845 4 0.0 5 0.0 
11 23 0.0  Commodities: 0 0.0 1 0.0 2 0.0 3 9.871730326532669 4 0.0 5 0.0 
23 11 0.0  Commodities: 0 0.0 1 0.0 2 0.0 3 0.0 4 0.0 5 0.0 
12 13 0.0  Commodities: 0 0.0 1 24.726698232851845 2 0.0 3 15.387922999639976 4 0.0 5 0.0 
13 12 0.0  Commodities: 0 0.0 1 0.0 2 0.0 3 0.0 4 0.0 5 0.0 
12 24 0.0  Commodities: 0 0.0 1 0.0 2 0.0 3 0.0 4 0.0 5 0.0 
24 12 14.838475238836963  Commodities: 0 0.0 1 24.72669823337269 2 0.0 3 0.0 4 0.0 5 0.0 
13 14 2.2926567839465406  Commodities: 0 0.0 1 24.726698229983683 2 0.0 3 19.198717044842912 4 0.0 5 0.0 
14 13 0.0  Commodities: 0 0.0 1 0.0 2 0.0 3 0.0 4 0.0 5 0.0 
13 25 0.0  Commodities: 0 0.0 1 0.0 2 0.0 3 0.0 4 0.0 5 0.0 
25 13 0.0  Commodities: 0 0.0 1 0.0 2 0.0 3 0.0 4 0.0 5 0.0 
14 15 0.5951825523359275  Commodities: 0 0.0 1 24.090930969561512 2 0.0 3 14.74492716740128 4 0.0 5 0.0 
15 14 0.0  Commodities: 0 0.0 1 0.0 2 0.0 3 0.0 4 0.0 5 0.0 
14 26 0.0  Commodities: 0 0.0 1 0.6357672602467345 2 0.0 3 6.057622398434774 4 0.0 5 0.0 
26 14 0.0  Commodities: 0 0.0 1 0.0 2 0.0 3 0.0 4 0.0 5 0.0 
15 16 3.405807700093362  Commodities: 0 0.0 1 12.077075451157553 2 0.0 3 2.028562355279222 4 0.0 5 0.0 
16 15 0.0  Commodities: 0 0.0 1 0.0 2 0.0 3 0.0 4 0.0 5 0.0 
15 27 3.6218461840374516  Commodities: 0 0.0 1 12.01385551489959 2 0.0 3 12.92428188427519 4 0.0 5 0.0 
27 15 0.0  Commodities: 0 0.0 1 0.0 2 0.0 3 0.0 4 0.0 5 0.0 
16 17 0.0  Commodities: 0 0.0 1 11.219947517596244 2 0.0 3 50.58200284775681 4 0.0 5 0.0 
17 16 0.0  Commodities: 0 0.0 1 0.0 2 0.0 3 0.0 4 0.0 5 0.0 
16 28 0.10803461069139075  Commodities: 0 0.0 1 0.8571279333985128 2 0.0 3 1.3081221156595788 4 0.0 5 0.0 
28 16 0.0  Commodities: 0 0.0 1 0.0 2 0.0 3 0.0 4 0.0 5 0.0 
17 18 8.840786187024065  Commodities: 0 0.0 1 8.238337193735887 2 0.0 3 21.26104732230641 4 0.0 5 0.0 
18 17 0.0  Commodities: 0 0.0 1 0.0 2 0.0 3 0.0 4 0.0 5 0.0 
17 29 0.0  Commodities: 0 0.0 1 2.9816103247865566 2 0.0 3 35.93742740339203 4 0.0 5 0.0 
29 17 0.0  Commodities: 0 0.0 1 0.0 2 0.0 3 0.0 4 0.0 5 0.0 
18 19 0.7893466671255567  Commodities: 0 0.0 1 6.827376009229854 2 0.0 3 25.560704925064613 4 0.0 5 0.0 
19 18 0.0  Commodities: 0 0.0 1 0.0 2 0.0 3 0.0 4 0.0 5 0.0 
18 30 0.0  Commodities: 0 0.0 1 1.4109611888920364 2 0.0 3 2.2677217856565868 4 0.0 5 0.0 
30 18 0.0  Commodities: 0 0.0 1 0.0 2 0.0 3 0.0 4 0.0 5 0.0 
19 20 2.276170452000862  Commodities: 0 0.0 1 0.8981206478615151 2 0.0 3 6.056638361333587 4 0.0 5 0.0 
20 19 0.0  Commodities: 0 0.0 1 0.0 2 0.0 3 0.0 4 0.0 5 0.0 
19 31 0.0  Commodities: 0 0.0 1 3.896282363344852 2 0.0 3 16.621980692827385 4 0.0 5 0.0 
31 19 0.0  Commodities: 0 0.0 1 0.0 2 0.0 3 0.0 4 0.0 5 0.0 
20 21 0.17152255042852005  Commodities: 0 0.0 1 2.9310936916348966 2 0.0 3 16.461004192903673 4 0.0 5 0.0 
21 20 0.0  Commodities: 0 0.0 1 0.0 2 0.0 3 0.0 4 0.0 5 0.0 
20 32 0.0  Commodities: 0 0.0 1 0.0 2 0.0 3 0.0 4 0.0 5 0.0 
32 20 0.0  Commodities: 0 0.0 1 0.0 2 0.0 3 0.0 4 0.0 5 0.0 
21 22 0.0  Commodities: 0 0.0 1 0.0 2 0.0 3 13.82868146913148 4 0.0 5 0.0 
22 21 0.0  Commodities: 0 0.0 1 0.0 2 0.0 3 0.0 4 0.0 5 0.0 
21 33 0.0  Commodities: 0 0.0 1 2.9310936852918306 2 0.0 3 2.6323227101681543 4 0.0 5 0.0 
33 21 0.0  Commodities: 0 0.0 1 0.0 2 0.0 3 0.0 4 0.0 5 0.0 
22 23 7.378769569118898  Commodities: 0 0.0 1 0.0 2 0.0 3 4.653933221924462 4 0.0 5 0.0 
23 22 0.0  Commodities: 0 0.0 1 0.0 2 0.0 3 0.0 4 0.0 5 0.0 
22 34 2.4317080103065942  Commodities: 0 0.0 1 0.0 2 0.0 3 5.724857447961196 4 0.0 5 0.0 
34 22 0.0  Commodities: 0 0.0 1 0.0 2 0.0 3 0.0 4 0.0 5 0.0 
23 35 0.0  Commodities: 0 0.0 1 0.0 2 0.0 3 14.525663547875864 4 0.0 5 0.0 
35 23 0.0  Commodities: 0 0.0 1 0.0 2 0.0 3 0.0 4 0.0 5 0.0 
24 25 5.321300922923115  Commodities: 0 0.0 1 36.02247990112144 2 0.0 3 0.0 4 0.0 5 0.0 
25 24 0.0  Commodities: 0 0.0 1 0.0 2 0.0 3 0.0 4 0.0 5 0.0 
24 36 0.0  Commodities: 0 0.0 1 30.250821865491375 2 0.0 3 0.0 4 0.0 5 0.0 
36 24 0.0  Commodities: 0 0.0 1 0.0 2 0.0 3 0.0 4 0.0 5 0.0 
25 26 11.337642578257942  Commodities: 0 0.0 1 16.322835293543083 2 0.0 3 0.0 4 0.0 5 0.0 
26 25 0.0  Commodities: 0 0.0 1 0.0 2 0.0 3 0.0 4 0.0 5 0.0 
25 37 0.0  Commodities: 0 0.0 1 19.699644611707633 2 0.0 3 0.0 4 0.0 5 0.0 
37 25 0.0  Commodities: 0 0.0 1 0.0 2 0.0 3 0.0 4 0.0 5 0.0 
26 27 0.6910941145933975  Commodities: 0 0.0 1 10.103252372125539 2 0.0 3 0.6536509280960952 4 0.0 5 0.0 
27 26 0.0  Commodities: 0 0.0 1 0.0 2 0.0 3 0.0 4 0.0 5 0.0 
26 38 0.0  Commodities: 0 0.0 1 6.855350180873003 2 0.0 3 5.4039714758398505 4 0.0 5 0.0 
38 26 0.0  Commodities: 0 0.0 1 0.0 2 0.0 3 0.0 4 0.0 5 0.0 
27 28 0.0  Commodities: 0 2.0304349195609634 1 22.550658432073114 2 0.0 3 13.861292175763506 4 0.0 5 0.0 
28 27 0.0  Commodities: 0 0.0 1 0.0 2 0.0 3 0.0 4 0.0 5 0.0 
27 39 0.0  Commodities: 0 0.0 1 0.0 2 0.0 3 0.0 4 0.0 5 0.0 
39 27 0.0  Commodities: 0 2.0304349203219996 1 0.43355054570735907 2 0.0 3 0.2833593641126724 4 0.0 5 0.0 
28 29 0.0  Commodities: 0 2.165426441316123 1 23.521276154051446 2 0.0 3 15.27254989454977 4 0.0 5 0.0 
29 28 0.0  Commodities: 0 0.0 1 0.0 2 0.0 3 0.0 4 0.0 5 0.0 
28 40 0.0  Commodities: 0 0.0 1 0.0 2 0.0 3 0.0 4 0.0 5 0.0 
40 28 0.0  Commodities: 0 0.13499152300651301 1 0.1134897901119206 2 0.0 3 0.10313560485154266 4 0.0 5 0.0 
29 30 9.857869342956349  Commodities: 0 1.2533445672995165 1 5.925337265845718 2 0.0 3 8.016697349840745 4 0.0 5 0.0 
30 29 0.0  Commodities: 0 0.0 1 0.0 2 0.0 3 0.0 4 0.0 5 0.0 
29 41 0.0  Commodities: 0 0.9120818748259014 1 20.577549213185414 2 0.0 3 43.19327994830961 4 0.0 5 0.0 
41 29 0.0  Commodities: 0 0.0 1 0.0 2 0.0 3 0.0 4 0.0 5 0.0 
30 31 0.0  Commodities: 0 12.979583377901879 1 9.18706551450019 2 0.0 3 12.19844749232246 4 0.0 5 0.0 
31 30 0.0  Commodities: 0 0.0 1 0.0 2 0.0 3 0.0 4 0.0 5 0.0 
30 42 0.0  Commodities: 0 0.0 1 0.0 2 0.0 3 0.0 4 0.0 5 0.0 
42 30 0.0  Commodities: 0 11.726238815168621 1 1.8507670609650129 2 0.0 3 1.9140283580075228 4 0.0 5 0.0 
31 32 0.0  Commodities: 0 12.587598679423943 1 2.602021537332249 2 0.0 3 11.343498666746886 4 0.0 5 0.0 
32 31 0.0  Commodities: 0 0.0 1 0.0 2 0.0 3 0.0 4 0.0 5 0.0 
31 43 0.0  Commodities: 0 0.3919846998051563 1 10.481326340471135 2 0.0 3 17.476929518348538 4 0.0 5 0.0 
43 31 0.0  Commodities: 0 0.0 1 0.0 2 0.0 3 0.0 4 0.0 5 0.0 
32 33 0.0  Commodities: 0 12.223294254776896 1 1.0106109764514914 2 0.0 3 3.86686511318208 4 0.0 5 0.0 
33 32 0.0  Commodities: 0 0.0 1 0.0 2 0.0 3 0.0 4 0.0 5 0.0 
32 44 0.0  Commodities: 0 0.3643040990592297 1 1.5914105139222527 2 0.0 3 7.47663350672806 4 0.0 5 0.0 
44 32 0.0  Commodities: 0 0.0 1 0.0 2 0.0 3 0.0 4 0.0 5 0.0 
33 34 0.0  Commodities: 0 11.886188108318546 1 0.0 2 0.0 3 0.0016160337580058775 4 0.0 5 0.0 
34 33 0.0  Commodities: 0 0.0 1 0.0 2 0.0 3 0.0 4 0.0 5 0.0 
33 45 0.0  Commodities: 0 0.33710622487162645 1 3.9417046603103945 2 0.0 3 6.497571790429266 4 0.0 5 0.0 
45 33 0.0  Commodities: 0 0.0 1 0.0 2 0.0 3 0.0 4 0.0 5 0.0 
34 35 4.114422878454292  Commodities: 0 1.7675106901553588 1 0.0 2 0.0 3 0.6360680377948722 4 0.0 5 0.0 
35 34 0.0  Commodities: 0 0.0 1 0.0 2 0.0 3 0.0 4 0.0 5 0.0 
34 46 5.034309818526651  Commodities: 0 10.118677460516036 1 0.0 2 0.0 3 5.090405442170363 4 0.0 5 0.0 
46 34 0.0  Commodities: 0 0.0 1 0.0 2 0.0 3 0.0 4 0.0 5 0.0 
35 47 0.5396762329223037  Commodities: 0 1.76751090314808 1 0.0 2 0.0 3 15.161731585484686 4 0.0 5 0.0 
47 35 0.0  Commodities: 0 0.0 1 0.0 2 0.0 3 0.0 4 0.0 5 0.0 
36 37 6.672977707583868  Commodities: 0 0.0 1 15.305792229658561 2 0.0 3 0.0 4 0.0 5 0.0 
37 36 0.0  Commodities: 0 0.0 1 0.0 2 0.0 3 0.0 4 0.0 5 0.0 
36 48 0.0  Commodities: 0 0.0 1 14.945029636333112 2 0.0 3 0.0 4 0.0 5 0.0 
48 36 0.0  Commodities: 0 0.0 1 0.0 2 0.0 3 0.0 4 0.0 5 0.0 
37 38 7.735387813499244  Commodities: 0 0.0 1 33.51776436176516 2 0.0 3 0.0 4 0.0 5 0.0 
38 37 0.0  Commodities: 0 0.0 1 0.0 2 0.0 3 0.0 4 0.0 5 0.0 
37 49 0.0  Commodities: 0 0.0 1 1.4876724799909733 2 0.0 3 0.0 4 0.0 5 0.0 
49 37 0.0  Commodities: 0 0.0 1 0.0 2 0.0 3 0.0 4 0.0 5 0.0 
38 39 0.0  Commodities: 0 13.460844814156879 1 40.373114546084516 2 0.0 3 5.403971484887359 4 0.0 5 0.0 
39 38 0.0  Commodities: 0 0.0 1 0.0 2 0.0 3 0.0 4 0.0 5 0.0 
38 50 0.0  Commodities: 0 0.0 1 0.0 2 0.0 3 0.0 4 0.0 5 0.0 
50 38 0.0  Commodities: 0 13.460844816295713 1 0.0 2 0.0 3 0.0 4 0.0 5 0.0 
39 40 1.9424602804778033  Commodities: 0 11.430409894077004 1 26.630862774481987 2 0.0 3 2.878003054941274 4 0.0 5 0.0 
40 39 0.0  Commodities: 0 0.0 1 0.0 2 0.0 3 0.0 4 0.0 5 0.0 
39 51 0.0  Commodities: 0 0.0 1 13.308701226449216 2 0.0 3 2.242609066546417 4 0.0 5 0.0 
51 39 0.0  Commodities: 0 0.0 1 0.0 2 0.0 3 0.0 4 0.0 5 0.0 
40 41 7.541038674092476  Commodities: 0 11.295418371806798 1 16.730461214200233 2 0.0 3 0.9885800391943813 4 0.0 5 0.0 
41 40 0.0  Commodities: 0 0.0 1 0.0 2 0.0 3 0.0 4 0.0 5 0.0 
40 52 0.0  Commodities: 0 0.0 1 9.786911771487441 2 0.0 3 1.786287412322589 4 0.0 5 0.0 
52 40 0.0  Commodities: 0 0.0 1 0.0 2 0.0 3 0.0 4 0.0 5 0.0 
41 42 0.0  Commodities: 0 12.207500246874714 1 35.61704759463637 2 0.0 3 42.00034704886217 4 0.0 5 0.0 
42 41 0.0  Commodities: 0 0.0 1 0.0 2 0.0 3 0.0 4 0.0 5 0.0 
41 53 3.434524636652583  Commodities: 0 0.0 1 1.6909628329623567 2 0.0 3 2.1815129388661916 4 0.0 5 0.0 
53 41 0.0  Commodities: 0 0.0 1 0.0 2 0.0 3 0.0 4 0.0 5 0.0 
42 43 1.881674239042809  Commodities: 0 0.48126143190166654 1 8.743696484781943 2 0.0 3 31.347373192797036 4 0.0 5 0.0 
43 42 0.0  Commodities: 0 0.0 1 0.0 2 0.0 3 0.0 4 0.0 5 0.0 
42 54 4.850608143463873  Commodities: 0 0.0 1 25.02258404983437 2 0.0 3 8.738945498856285 4 0.0 5 0.0 
54 42 0.0  Commodities: 0 0.0 1 0.0 2 0.0 3 0.0 4 0.0 5 0.0 
43 44 2.7970531044375946  Commodities: 0 8.093050751847796 1 1.2543142925534845 2 0.0 3 43.77712718114144 4 0.0 5 0.0 
44 43 0.0  Commodities: 0 0.0 1 0.0 2 0.0 3 0.0 4 0.0 5 0.0 
43 55 0.0  Commodities: 0 0.0 1 17.97070853241327 2 0.0 3 5.047175530072149 4 0.0 5 0.0 
55 43 7.966817617995574  Commodities: 0 7.219804621896733 1 0.0 2 0.0 3 0.0 4 0.0 5 0.0 
44 45 4.480733370806689  Commodities: 0 20.387530447332054 1 2.8457248040139276 2 0.0 3 51.25376068571174 4 0.0 5 0.0 
45 44 0.0  Commodities: 0 0.0 1 0.0 2 0.0 3 0.0 4 0.0 5 0.0 
44 56 0.0  Commodities: 0 0.0 1 0.0 2 0.0 3 0.0 4 0.0 5 0.0 
56 44 5.268924920078717  Commodities: 0 11.930175596586386 1 0.0 2 0.0 3 0.0 4 0.0 5 0.0 
45 46 0.0  Commodities: 0 20.724636671333766 1 0.0 2 0.0 3 0.0015343460852553568 4 0.0 5 0.0 
46 45 0.0  Commodities: 0 0.0 1 0.0 2 0.0 3 0.0 4 0.0 5 0.0 
45 57 0.0  Commodities: 0 0.0 1 6.787429461817426 2 0.0 3 57.74979812781588 4 0.0 5 0.0 
57 45 0.0  Commodities: 0 0.0 1 0.0 2 0.0 3 0.0 4 0.0 5 0.0 
46 47 0.0  Commodities: 0 0.0 1 0.0 2 0.0 3 0.0 4 0.0 5 0.0 
47 46 0.2859100786933766  Commodities: 0 1.7675109441009027 1 0.0 2 0.0 3 9.824801485544851 4 0.0 5 0.0 
46 58 6.246686989501271  Commodities: 0 0.0 1 0.0 2 0.0 3 14.916741273451494 4 0.0 5 0.0 
58 46 3.5491621946313217  Commodities: 0 0.3891749253706724 1 0.0 2 0.0 3 0.0 4 0.0 5 0.0 
47 59 7.823389210684752  Commodities: 0 0.0 1 0.0 2 0.0 3 5.336930099887585 4 0.0 5 0.0 
59 47 0.0  Commodities: 0 0.0 1 0.0 2 0.0 3 0.0 4 0.0 5 0.0 
48 49 4.969420991370271  Commodities: 0 0.0 1 7.197366371095253 2 0.0 3 0.0 4 0.0 5 0.0 
49 48 0.0  Commodities: 0 0.0 1 0.0 2 0.0 3 0.0 4 0.0 5 0.0 
48 60 0.0  Commodities: 0 0.0 1 7.747663266198693 2 0.0 3 0.0 4 0.0 5 0.0 
60 48 0.0  Commodities: 0 0.0 1 0.0 2 0.0 3 0.0 4 0.0 5 0.0 
49 50 3.2950603188920695  Commodities: 0 0.0 1 6.25923550569536 2 0.0 3 0.0 4 0.0 5 0.0 
50 49 0.0  Commodities: 0 0.0 1 0.0 2 0.0 3 0.0 4 0.0 5 0.0 
49 61 0.0  Commodities: 0 0.0 1 2.425803345417434 2 0.0 3 0.0 4 0.0 5 0.0 
61 49 0.0  Commodities: 0 0.0 1 0.0 2 0.0 3 0.0 4 0.0 5 0.0 
50 51 3.1891156520622985  Commodities: 0 0.0 1 7.804548933906717 2 0.0 3 0.0 4 0.0 5 0.0 
51 50 0.0  Commodities: 0 0.0 1 0.0 2 0.0 3 0.0 4 0.0 5 0.19496477741704207 
50 62 0.0  Commodities: 0 0.0 1 0.0 2 0.0 3 0.0 4 0.0 5 0.19496478184208163 
62 50 0.0  Commodities: 0 13.460844817052122 1 1.5453134343981179 2 0.0 3 0.0 4 0.0 5 0.0 
51 52 4.151548577455003  Commodities: 0 17.697532909451713 1 21.113250160257795 2 32.999999996823924 3 2.242609091152643 4 0.0 5 0.0 
52 51 0.0  Commodities: 0 0.0 1 0.0 2 0.0 3 0.0 4 0.0 5 0.5060229447550318 
51 63 0.0  Commodities: 0 0.0 1 0.0 2 0.0 3 0.0 4 0.0 5 0.3110581667351389 
63 51 3.0842811211352625  Commodities: 0 17.69753290873646 1 0.0 2 0.0 3 0.0 4 0.0 5 0.0 
52 53 6.5526125630973695  Commodities: 0 17.697532920202715 1 27.700689663551778 2 32.99999999552263 3 2.4837153098561178 4 0.0 5 0.0 
53 52 0.0  Commodities: 0 0.0 1 0.0 2 0.0 3 0.0 4 0.0 5 0.0 
52 64 0.0  Commodities: 0 0.0 1 3.199472268082418 2 0.0 3 1.5451811935880746 4 0.0 5 0.0 
64 52 0.0  Commodities: 0 0.0 1 0.0 2 0.0 3 0.0 4 0.0 5 0.50602294985971 
53 54 7.343656713130343  Commodities: 0 17.697532919623633 1 7.179523610476852 2 32.99999999465537 3 2.9502910658035155 4 0.0 5 0.0 
54 53 0.0  Commodities: 0 0.0 1 0.0 2 0.0 3 0.0 4 0.0 5 0.0 
53 65 0.9652015545361403  Commodities: 0 0.0 1 22.212128885782693 2 0.0 3 1.7149371826760071 4 0.0 5 0.0 
65 53 0.0  Commodities: 0 0.0 1 0.0 2 0.0 3 0.0 4 0.0 5 0.0 
54 55 0.0  Commodities: 0 18.291493609885375 1 8.663253905961549 2 32.999999997993626 3 9.585785232983412 4 0.0 5 0.0 
55 54 0.0  Commodities: 0 0.0 1 0.0 2 0.0 3 0.0 4 0.0 5 0.0 
54 66 0.0  Commodities: 0 0.0 1 23.538853756357742 2 0.0 3 2.1034513335568503 4 0.0 5 0.0 
66 54 2.1247928845508497  Commodities: 0 0.5939606884450629 1 0.0 2 0.0 3 0.0 4 0.0 5 0.0 
55 56 7.951309964113705  Commodities: 0 11.071688986687835 1 21.79921720306435 2 0.0 3 13.350419607684374 4 0.0 5 0.0 
56 55 0.0  Commodities: 0 0.0 1 0.0 2 0.0 3 0.0 4 0.0 5 0.0 
55 67 2.624849415514092  Commodities: 0 0.0 1 4.834745232952675 2 0.0 3 1.2825411529814976 4 0.0 5 0.0 
67 55 0.0  Commodities: 0 0.0 1 0.0 2 0.0 3 0.0 4 0.0 5 0.0 
56 57 0.08714026034913758  Commodities: 0 0.0 1 0.6860979761822464 2 0.0 3 11.926467279893252 4 0.0 5 0.0 
57 56 0.0  Commodities: 0 0.0 1 0.0 2 0.0 3 0.0 4 0.0 5 0.0 
56 68 0.08851359856092245  Commodities: 0 0.0 1 21.113119230224754 2 0.0 3 1.42395233110917 4 0.0 5 0.0 
68 56 0.0  Commodities: 0 0.8584866098787406 1 0.0 2 0.0 3 0.0 4 0.0 5 0.0 
57 58 9.85873864846856  Commodities: 0 0.0 1 0.0 2 0.0 3 69.2217819833667 4 0.0 5 0.0 
58 57 0.0  Commodities: 0 0.0 1 0.0 2 0.0 3 0.0 4 0.0 5 0.0 
57 69 0.21085591077512333  Commodities: 0 0.0 1 7.4735274377408665 2 0.0 3 0.4544834252708575 4 0.0 5 0.0 
69 57 0.0  Commodities: 0 0.0 1 0.0 2 0.0 3 0.0 4 0.0 5 0.0 
58 59 0.0  Commodities: 0 0.0 1 0.0 2 0.0 3 0.0 4 0.0 5 0.0 
59 58 0.0  Commodities: 0 0.0 1 0.0 2 0.0 3 5.336930104275188 4 0.0 5 0.0 
58 70 0.0  Commodities: 0 0.0 1 0.0 2 0.0 3 0.0 4 0.0 5 0.0 
70 58 0.0  Commodities: 0 0.3891749251610672 1 0.0 2 0.0 3 8.524546641496189 4 0.0 5 0.0 
59 71 0.0  Commodities: 0 0.0 1 0.0 2 0.0 3 0.0 4 0.0 5 0.0 
71 59 0.0  Commodities: 0 0.0 1 0.0 2 0.0 3 0.0 4 0.0 5 0.0 
60 61 5.6054129866322455  Commodities: 0 0.0 1 6.333876103970351 2 0.0 3 0.0 4 0.0 5 0.0 
61 60 0.0  Commodities: 0 0.0 1 0.0 2 0.0 3 0.0 4 0.0 5 0.0 
60 72 0.0  Commodities: 0 0.0 1 1.4137871630132246 2 0.0 3 0.0 4 0.0 5 0.0 
72 60 0.0  Commodities: 0 0.0 1 0.0 2 0.0 3 0.0 4 0.0 5 0.0 
61 62 0.0  Commodities: 0 0.4975609216089657 1 9.42726173929278 2 0.0 3 0.0 4 0.0 5 0.0 
62 61 4.478144429948719  Commodities: 0 0.0 1 0.0 2 0.0 3 0.0 4 16.987115488205983 5 0.0 
61 73 0.0  Commodities: 0 0.0 1 0.0 2 0.0 3 0.0 4 0.0 5 0.0 
73 61 0.0  Commodities: 0 0.4975609238735368 1 0.6675822919901943 2 0.0 3 0.0 4 0.012884499323323723 5 0.0 
62 63 2.6404021088861214  Commodities: 0 0.0 1 7.881948303108947 2 0.0 3 0.0 4 0.0 5 0.0 
63 62 12.264059022939762  Commodities: 0 7.415995228156484 1 0.0 2 0.0 3 0.0 4 0.0 5 0.0 
62 74 0.0  Commodities: 0 0.0 1 0.0 2 0.0 3 0.0 4 0.012884497527138258 5 0.19496478073729065 
74 62 3.7945672775864523  Commodities: 0 5.547288666906897 1 0.0 2 0.0 3 0.0 4 0.0 5 0.0 
63 64 9.789979925535448  Commodities: 0 1.8416222752833813 1 8.628153177778543 2 0.0 3 0.0 4 0.0 5 0.0 
64 63 7.118192516952153  Commodities: 0 0.0 1 0.0 2 0.0 3 0.0 4 0.0 5 9.551184057915586 
63 75 1.14067000379492  Commodities: 0 6.044849589769499 1 0.0 2 0.0 3 0.0 4 0.0 5 9.862242226514098 
75 63 0.0  Commodities: 0 0.0 1 0.7462048756657917 2 0.0 3 0.0 4 0.0 5 0.0 
64 65 9.41498354878118  Commodities: 0 1.8416222647642069 1 11.827625445577885 2 0.0 3 1.5451812203715318 4 0.0 5 8.091954070895962 
65 64 0.0  Commodities: 0 0.0 1 0.0 2 0.0 3 0.0 4 0.0 5 0.0 
64 76 14.034963191781856  Commodities: 0 0.0 1 0.0 2 0.0 3 0.0 4 0.0 5 44.85083892182136 
76 64 0.0  Commodities: 0 0.0 1 0.0 2 0.0 3 0.0 4 0.0 5 0.0 
65 66 2.4991603992491775  Commodities: 0 1.8416222634847552 1 4.313210376182654 2 0.0 3 3.260118401598276 4 0.0 5 0.0 
66 65 0.0  Commodities: 0 0.0 1 0.0 2 0.0 3 0.0 4 0.0 5 0.0 
65 77 0.0  Commodities: 0 0.0 1 29.726543955357066 2 0.0 3 0.0 4 0.0 5 8.091954070450518 
77 65 0.0  Commodities: 0 0.0 1 0.0 2 0.0 3 0.0 4 0.0 5 0.0 
66 67 0.0  Commodities: 0 1.2476615751061382 1 18.852698269281206 2 0.0 3 5.363569734581589 4 0.0 5 0.0 
67 66 0.0  Commodities: 0 0.0 1 0.0 2 0.0 3 0.0 4 0.0 5 0.0 
66 78 0.0  Commodities: 0 0.0 1 8.99936586321953 2 0.0 3 0.0 4 0.0 5 0.0 
78 66 0.0  Commodities: 0 0.0 1 0.0 2 0.0 3 0.0 4 0.0 5 0.0 
67 68 7.239736295066507  Commodities: 0 1.2476615753860465 1 21.744605883538267 2 0.0 3 6.646110887601947 4 0.0 5 0.0 
68 67 0.0  Commodities: 0 0.0 1 0.0 2 0.0 3 0.0 4 0.0 5 0.0 
67 79 4.6244799825887135  Commodities: 0 0.0 1 1.942837618976999 2 0.0 3 0.0 4 0.0 5 0.0 
79 67 0.0  Commodities: 0 0.0 1 0.0 2 0.0 3 0.0 4 0.0 5 0.0 
68 69 0.0  Commodities: 0 0.3891749656971945 1 12.058180490700092 2 0.0 3 8.070063218267736 4 0.0 5 0.0 
69 68 0.0  Commodities: 0 0.0 1 0.0 2 0.0 3 0.0 4 0.0 5 0.0 
68 80 10.105685025533312  Commodities: 0 0.0 1 30.799544622985177 2 0.0 3 0.0 4 0.0 5 0.0 
80 68 0.0  Commodities: 0 0.0 1 0.0 2 0.0 3 0.0 4 0.0 5 0.0 
69 70 0.0  Commodities: 0 0.38917496412668234 1 3.908209639824599 2 0.0 3 8.524546642745655 4 0.0 5 0.0 
70 69 0.0  Commodities: 0 0.0 1 0.0 2 0.0 3 0.0 4 0.0 5 0.0 
69 81 3.4282198097310044  Commodities: 0 0.0 1 15.623498288516815 2 0.0 3 0.0 4 0.0 5 0.0 
81 69 0.0  Commodities: 0 0.0 1 0.0 2 0.0 3 0.0 4 0.0 5 0.0 
70 71 0.0  Commodities: 0 0.0 1 0.0 2 0.0 3 0.0 4 0.0 5 0.0 
71 70 0.0  Commodities: 0 0.0 1 0.0 2 0.0 3 0.0 4 0.0 5 0.0 
70 82 0.0  Commodities: 0 0.0 1 3.9082096479889543 2 0.0 3 0.0 4 0.0 5 0.0 
82 70 0.0  Commodities: 0 0.0 1 0.0 2 0.0 3 0.0 4 0.0 5 0.0 
71 83 0.0  Commodities: 0 0.0 1 0.0 2 0.0 3 0.0 4 0.0 5 0.0 
83 71 0.0  Commodities: 0 0.0 1 0.0 2 0.0 3 0.0 4 0.0 5 0.0 
72 73 0.0  Commodities: 0 0.0 1 1.4137871624925133 2 0.0 3 0.0 4 0.0 5 0.0 
73 72 0.0  Commodities: 0 0.0 1 0.0 2 0.0 3 0.0 4 0.0 5 0.0 
73 74 0.0  Commodities: 0 0.0 1 0.7462048717955212 2 0.0 3 0.0 4 0.0 5 0.0 
74 73 0.0  Commodities: 0 0.4975609228368878 1 0.0 2 0.0 3 0.0 4 0.012884497842555862 5 0.0 
74 75 0.0  Commodities: 0 0.0 1 0.7462048751021936 2 0.0 3 0.0 4 0.0 5 0.19496478128385136 
75 74 0.0  Commodities: 0 6.044849589177458 1 0.0 2 0.0 3 0.0 4 0.0 5 0.0 
75 76 0.0  Commodities: 0 0.0 1 0.0 2 0.0 3 0.0 4 0.0 5 10.057207006298253 
76 75 0.0  Commodities: 0 0.0 1 0.0 2 0.0 3 0.0 4 0.0 5 0.0 
76 77 0.0  Commodities: 0 0.0 1 0.0 2 0.0 3 0.0 4 0.0 5 0.0 
77 76 1.2729541060682266  Commodities: 0 0.0 1 0.0 2 0.0 3 0.0 4 0.0 5 8.091954071947706 
77 78 0.0  Commodities: 0 0.0 1 29.72654395575022 2 0.0 3 0.0 4 0.0 5 0.0 
78 77 0.0  Commodities: 0 0.0 1 0.0 2 0.0 3 0.0 4 0.0 5 0.0 
78 79 0.0  Commodities: 0 0.0 1 38.72590981805402 2 0.0 3 0.0 4 0.0 5 0.0 
79 78 0.0  Commodities: 0 0.0 1 0.0 2 0.0 3 0.0 4 0.0 5 0.0 
79 80 13.428813677960676  Commodities: 0 0.0 1 40.6687474368085 2 0.0 3 0.0 4 0.0 5 0.0 
80 79 0.0  Commodities: 0 0.0 1 0.0 2 0.0 3 0.0 4 0.0 5 0.0 
80 81 0.0  Commodities: 0 0.0 1 0.0 2 0.0 3 0.0 4 0.0 5 0.0 
81 80 0.0  Commodities: 0 0.0 1 19.531707941068454 2 0.0 3 0.0 4 0.0 5 0.0 
81 82 0.0  Commodities: 0 0.0 1 0.0 2 0.0 3 0.0 4 0.0 5 0.0 
82 81 0.0  Commodities: 0 0.0 1 3.908209653441041 2 0.0 3 0.0 4 0.0 5 0.0 
82 83 0.0  Commodities: 0 0.0 1 0.0 2 0.0 3 0.0 4 0.0 5 0.0 
83 82 0.0  Commodities: 0 0.0 1 0.0 2 0.0 3 0.0 4 0.0 5 0.0 
 Execution Time:  638878 ms
 true Commodity ID : 0 KP : 459.6458180843714 LP : 459.6458180843714
 true Commodity ID : 1 KP : 715.1072528405208 LP : 715.1072528447752
 true Commodity ID : 2 KP : 181.01198024686178 LP : 181.01198024686178
 true Commodity ID : 3 KP : 534.8455420697379 LP : 534.8455420739922
 true Commodity ID : 4 KP : 16.079285882482242 LP : 16.079285882482242
 true Commodity ID : 5 KP : 457.4465752138641 LP : 457.4465752138641

Number of Toll Stations: 74
SocialOptimum : 8361953.561263172
