0 1 0.0  Commodities: 0 0.0 1 0.0 2 0.0 3 0.0 4 0.0 5 0.0 6 0.0 7 0.0 8 0.0 
1 0 0.0  Commodities: 0 0.0 1 0.0 2 0.0 3 0.0 4 0.0 5 0.0 6 0.0 7 0.0 8 0.0 
0 18 0.0  Commodities: 0 0.0 1 0.0 2 0.0 3 0.0 4 0.0 5 0.0 6 0.0 7 0.0 8 0.0 
18 0 0.0  Commodities: 0 0.0 1 0.0 2 0.0 3 0.0 4 0.0 5 0.0 6 0.0 7 0.0 8 0.0 
1 2 0.0  Commodities: 0 0.0 1 1.5177993230684552 2 0.0 3 0.0 4 0.0 5 0.0 6 0.0 7 0.0 8 1.0677935150650368 
2 1 0.0  Commodities: 0 0.0 1 0.0 2 0.0 3 0.0 4 0.0 5 0.0 6 0.0 7 0.0 8 0.0 
1 19 0.0  Commodities: 0 0.0 1 0.0 2 0.0 3 0.0 4 0.0 5 0.0 6 0.0 7 0.0 8 0.0 
19 1 0.0  Commodities: 0 0.0 1 1.5177994113571502 2 0.0 3 0.0 4 0.0 5 0.0 6 0.0 7 0.0 8 1.0677935994981476 
2 3 4.985954198766759  Commodities: 0 0.0 1 0.936548789617002 2 0.0 3 0.0 4 0.0 5 0.0 6 0.0 7 0.0 8 0.0 
3 2 0.0  Commodities: 0 0.0 1 0.0 2 0.0 3 0.0 4 0.0 5 0.0 6 0.0 7 0.0 8 0.0 
2 20 0.0  Commodities: 0 0.0 1 0.5812505501778668 2 0.0 3 0.0 4 0.0 5 0.0 6 0.0 7 0.0 8 1.0677935321389223 
20 2 0.0  Commodities: 0 0.0 1 0.0 2 0.0 3 0.0 4 0.0 5 0.0 6 0.0 7 0.0 8 0.0 
3 4 0.0  Commodities: 0 0.0 1 56.418649301547454 2 0.0 3 0.0 4 0.0 5 0.0 6 0.0 7 0.0 8 0.0 
4 3 0.0  Commodities: 0 0.0 1 0.0 2 0.0 3 0.0 4 0.0 5 0.0 6 0.0 7 0.0 8 0.0 
3 21 0.0  Commodities: 0 0.0 1 0.0 2 0.0 3 0.0 4 0.0 5 0.0 6 0.0 7 0.0 8 0.0 
21 3 0.0  Commodities: 0 0.0 1 55.48210051479388 2 0.0 3 0.0 4 0.0 5 0.0 6 0.0 7 0.0 8 0.0 
4 5 5.241636356895555  Commodities: 0 0.0 1 56.68306940162516 2 0.0 3 0.0 4 0.0 5 0.0 6 0.0 7 0.0 8 0.0 
5 4 0.0  Commodities: 0 0.0 1 0.0 2 0.0 3 0.0 4 0.0 5 0.0 6 0.0 7 0.0 8 0.0 
4 22 0.0  Commodities: 0 0.0 1 0.0 2 0.0 3 0.0 4 0.0 5 0.0 6 0.0 7 0.0 8 0.0 
22 4 0.3689377390579498  Commodities: 0 0.0 1 0.2644201067734758 2 0.0 3 0.0 4 0.0 5 0.0 6 0.0 7 0.0 8 0.0 
5 6 0.0  Commodities: 0 0.0 1 0.0 2 0.0 3 0.0 4 0.0 5 0.0 6 0.0 7 0.0 8 0.0 
6 5 0.0  Commodities: 0 19.70798894175386 1 8.214192150868355 2 0.0 3 0.0 4 0.0 5 0.0 6 0.0 7 0.0 8 0.0 
5 23 4.997112892837293  Commodities: 0 19.707988941810378 1 0.0 2 0.0 3 0.0 4 0.0 5 0.0 6 0.0 7 0.0 8 0.0 
23 5 9.121239922089899  Commodities: 0 0.0 1 10.102738449528966 2 0.0 3 0.0 4 0.0 5 0.0 6 0.0 7 0.0 8 0.0 
6 7 0.0  Commodities: 0 0.0 1 0.0 2 0.0 3 0.0 4 0.0 5 0.0 6 0.0 7 0.0 8 0.0 
7 6 0.0  Commodities: 0 36.39422797282589 1 8.214192121271857 2 0.0 3 0.0 4 0.0 5 0.0 6 0.0 7 0.0 8 0.0 
6 24 0.0  Commodities: 0 16.686239032926284 1 0.0 2 0.0 3 0.0 4 0.0 5 0.0 6 0.0 7 0.0 8 0.0 
24 6 0.0  Commodities: 0 0.0 1 0.0 2 0.0 3 0.0 4 0.0 5 0.0 6 0.0 7 0.0 8 0.0 
7 8 0.0  Commodities: 0 0.0 1 0.0 2 0.0 3 0.0 4 0.0 5 0.5021782625009142 6 0.0 7 0.0 8 0.0 
8 7 0.0  Commodities: 0 35.97588560776856 1 0.0 2 0.0 3 0.0 4 0.0 5 0.0 6 0.0 7 0.0 8 0.0 
7 25 0.0  Commodities: 0 0.0 1 0.0 2 0.0 3 0.0 4 0.0 5 0.0 6 0.0 7 0.0 8 0.0 
25 7 0.0  Commodities: 0 0.41834237431790694 1 8.214192123567777 2 0.0 3 0.0 4 0.0 5 0.5021782682340826 6 0.0 7 0.0 8 0.0 
8 9 0.0  Commodities: 0 0.0 1 0.0 2 0.0 3 0.0 4 0.0 5 0.924096337556023 6 7.030081093899551 7 0.0 8 0.0 
9 8 12.045211788527013  Commodities: 0 21.197492112881346 1 0.0 2 0.0 3 0.0 4 0.0 5 0.0 6 0.0 7 0.0 8 0.0 
8 26 0.0  Commodities: 0 0.0 1 0.0 2 0.0 3 0.0 4 0.0 5 0.0 6 0.0 7 0.0 8 0.0 
26 8 5.491487344382136  Commodities: 0 14.778393495191434 1 0.0 2 0.0 3 0.0 4 0.0 5 0.4219180772183567 6 7.030081094441569 7 0.0 8 0.0 
9 10 0.0  Commodities: 0 0.0 1 0.0 2 0.0 3 0.0 4 0.0 5 1.4412065305989534 6 14.52191639174309 7 0.0 8 0.0 
10 9 0.0  Commodities: 0 21.760152112551598 1 0.0 2 0.0 3 0.0 4 0.0 5 0.0 6 0.0 7 0.0 8 0.0 
9 27 0.0  Commodities: 0 0.5626600021216289 1 0.0 2 0.0 3 0.0 4 0.0 5 0.0 6 0.0 7 0.0 8 0.0 
27 9 0.0  Commodities: 0 0.0 1 0.0 2 0.0 3 0.0 4 0.0 5 0.5171101951812389 6 7.491835300129465 7 0.0 8 0.0 
10 11 0.0  Commodities: 0 0.0 1 0.0 2 0.0 3 0.0 4 0.0 5 0.8493574103408068 6 4.268971065481788 7 0.0 8 0.0 
11 10 0.7636424010705127  Commodities: 0 19.75630767270914 1 0.0 2 0.0 3 0.0 4 0.0 5 0.0 6 0.0 7 0.0 8 0.0 
10 28 0.0  Commodities: 0 0.0 1 0.0 2 0.0 3 0.0 4 0.0 5 0.5918491252534055 6 10.25294533159806 7 0.0 8 0.0 
28 10 0.0  Commodities: 0 2.003844444852599 1 0.0 2 0.0 3 0.0 4 0.0 5 0.0 6 0.0 7 0.0 8 0.0 
11 12 0.0  Commodities: 0 0.0 1 0.0 2 0.0 3 0.0 4 0.0 5 0.8493574025269451 6 4.2689710587968515 7 0.0 8 0.0 
12 11 0.0  Commodities: 0 19.756307667719565 1 0.0 2 0.0 3 0.0 4 6.569398369019513 5 0.0 6 0.0 7 0.0 8 0.0 
11 29 7.587100267534126  Commodities: 0 0.0 1 0.0 2 0.0 3 0.0 4 6.569398371301148 5 0.0 6 0.0 7 0.0 8 0.0 
29 11 0.0  Commodities: 0 0.0 1 0.0 2 0.0 3 0.0 4 0.0 5 0.0 6 0.0 7 0.0 8 0.0 
12 13 0.0  Commodities: 0 0.0 1 0.0 2 0.0 3 0.0 4 0.0 5 0.8493574039300293 6 4.268971060198181 7 0.0 8 0.0 
13 12 17.514371889164863  Commodities: 0 19.756307672016156 1 0.0 2 0.0 3 0.0 4 34.51790496810671 5 0.0 6 0.0 7 0.0 8 0.0 
12 30 0.0  Commodities: 0 0.0 1 0.0 2 0.0 3 0.0 4 27.94850659905039 5 0.0 6 0.0 7 0.0 8 0.0 
30 12 0.0  Commodities: 0 0.0 1 0.0 2 0.0 3 0.0 4 0.0 5 0.0 6 0.0 7 0.0 8 0.0 
13 14 0.0  Commodities: 0 0.0 1 0.0 2 0.0 3 0.0 4 0.0 5 0.3910093928334722 6 0.7442545213197835 7 0.0 8 0.0 
14 13 0.0  Commodities: 0 13.728486378823574 1 0.0 2 0.0 3 0.0 4 34.5179049670805 5 0.0 6 0.0 7 0.0 8 0.0 
13 31 2.952305118503773  Commodities: 0 0.0 1 0.0 2 0.0 3 0.0 4 0.0 5 0.45834801331251124 6 3.5247165410822303 7 0.0 8 0.0 
31 13 0.0  Commodities: 0 6.027821294942956 1 0.0 2 0.0 3 0.0 4 0.0 5 0.0 6 0.0 7 0.0 8 0.0 
14 15 6.126351220162519  Commodities: 0 0.0 1 0.0 2 0.0 3 1.3275780608224408 4 0.0 5 0.0 6 0.0 7 0.0 8 0.0 
15 14 0.0  Commodities: 0 13.728486377951619 1 0.0 2 0.0 3 0.0 4 0.0 5 0.0 6 0.0 7 0.0 8 0.0 
14 32 0.0  Commodities: 0 0.0 1 0.0 2 0.0 3 0.0 4 14.482095027051747 5 0.3910093849338294 6 0.7442545127704047 7 0.0 8 0.0 
32 14 0.0  Commodities: 0 0.0 1 0.0 2 0.0 3 1.327578041064819 4 0.0 5 0.0 6 0.0 7 0.0 8 0.0 
15 16 0.0  Commodities: 0 0.0 1 0.0 2 0.0 3 3.5557727864831477 4 0.0 5 0.0 6 0.0 7 0.0 8 0.0 
16 15 2.1849451834971205  Commodities: 0 13.728486379739907 1 0.0 2 0.0 3 0.0 4 0.0 5 0.0 6 0.0 7 0.0 8 0.0 
15 33 0.0  Commodities: 0 0.0 1 0.0 2 0.0 3 0.0 4 0.0 5 0.0 6 0.0 7 0.0 8 0.0 
33 15 0.0  Commodities: 0 0.0 1 0.0 2 0.0 3 2.2281947316983333 4 0.0 5 0.0 6 0.0 7 0.0 8 0.0 
16 17 0.0  Commodities: 0 0.0 1 0.0 2 0.0 3 3.5557727786774644 4 0.0 5 0.0 6 0.0 7 0.0 8 0.0 
17 16 0.0  Commodities: 0 1.4207235018983222 1 0.0 2 0.0 3 0.0 4 0.0 5 0.0 6 0.0 7 0.0 8 0.0 
16 34 0.0  Commodities: 0 0.0 1 0.0 2 0.0 3 0.0 4 0.0 5 0.0 6 0.0 7 0.0 8 0.0 
34 16 2.1126647281954263  Commodities: 0 12.307762878660656 1 0.0 2 0.0 3 0.0 4 0.0 5 0.0 6 0.0 7 0.0 8 0.0 
17 35 0.0  Commodities: 0 0.0 1 0.0 2 0.0 3 3.55577277830601 4 0.0 5 0.0 6 0.0 7 0.0 8 0.0 
35 17 0.0  Commodities: 0 1.420723501512982 1 0.0 2 0.0 3 0.0 4 0.0 5 0.0 6 0.0 7 0.0 8 0.0 
18 19 0.0  Commodities: 0 0.0 1 0.7547747093386532 2 0.0 3 0.0 4 0.0 5 0.0 6 0.0 7 0.0 8 0.6120726025863321 
19 18 0.0  Commodities: 0 0.0 1 0.0 2 0.0 3 0.0 4 0.0 5 0.0 6 0.0 7 0.0 8 0.0 
18 36 0.0  Commodities: 0 0.0 1 0.0 2 0.0 3 0.0 4 0.0 5 0.0 6 0.0 7 0.0 8 0.0 
36 18 5.341318458763531  Commodities: 0 0.0 1 0.7547747749270103 2 0.0 3 0.0 4 0.0 5 0.0 6 0.0 7 0.0 8 0.6120726707311683 
19 20 2.0967011138241327  Commodities: 0 0.0 1 1.7645787572082494 2 0.0 3 0.0 4 0.0 5 0.0 6 0.0 7 0.0 8 3.0033456718473017 
20 19 0.0  Commodities: 0 0.0 1 0.0 2 0.0 3 0.0 4 0.0 5 0.0 6 0.0 7 0.0 8 0.0 
19 37 0.0  Commodities: 0 0.0 1 0.0 2 0.0 3 0.0 4 0.0 5 0.0 6 0.0 7 0.0 8 0.0 
37 19 0.5506750869985275  Commodities: 0 0.0 1 2.5276033043646042 2 0.0 3 0.0 4 0.0 5 0.0 6 0.0 7 0.0 8 3.4590665149983173 
20 21 0.0  Commodities: 0 0.0 1 3.29247101880974 2 0.0 3 0.0 4 0.0 5 0.0 6 0.0 7 0.0 8 0.0 
21 20 0.0  Commodities: 0 0.0 1 0.0 2 0.0 3 0.0 4 0.0 5 0.0 6 0.0 7 0.0 8 0.0 
20 38 0.0  Commodities: 0 0.0 1 0.0 2 0.0 3 0.0 4 0.0 5 0.0 6 0.0 7 0.0 8 0.0 
38 20 0.0  Commodities: 0 0.0 1 0.946641735121451 2 0.0 3 0.0 4 0.0 5 0.0 6 0.0 7 0.0 8 6.928860704295581 
21 22 0.0  Commodities: 0 0.8160373484558421 1 0.8197902298784162 2 0.0 3 0.0 4 0.0 5 0.0 6 0.0 7 0.0 8 0.0 
22 21 0.0  Commodities: 0 0.0 1 0.0 2 0.0 3 0.0 4 0.0 5 0.0 6 0.0 7 0.0 8 0.0 
21 39 0.0  Commodities: 0 0.0 1 0.0 2 0.0 3 0.0 4 0.0 5 0.0 6 0.0 7 0.0 8 0.0 
39 21 0.23799753067669105  Commodities: 0 0.8160372828528694 1 53.0094196663319 2 0.0 3 0.0 4 0.0 5 0.0 6 0.0 7 0.0 8 0.0 
22 23 0.0  Commodities: 0 1.4300097964836151 1 10.102738472225752 2 0.0 3 0.0 4 0.0 5 0.0 6 0.0 7 0.0 8 0.0 
23 22 0.0  Commodities: 0 0.0 1 0.0 2 0.0 3 0.0 4 0.0 5 0.0 6 0.0 7 0.0 8 0.0 
22 40 0.0  Commodities: 0 0.0 1 0.0 2 0.0 3 0.0 4 0.0 5 0.0 6 0.0 7 0.0 8 0.0 
40 22 3.0398303279750962  Commodities: 0 0.6139725107781321 1 9.547368412761504 2 0.0 3 0.0 4 0.0 5 0.0 6 0.0 7 0.0 8 0.0 
23 24 0.0  Commodities: 0 0.0 1 0.0 2 0.0 3 0.0 4 0.0 5 0.0 6 0.0 7 0.0 8 0.0 
24 23 2.6833589720565953  Commodities: 0 42.951437120985744 1 0.0 2 0.0 3 0.0 4 0.0 5 0.0 6 0.0 7 0.0 8 0.0 
23 41 0.0  Commodities: 0 0.0 1 0.0 2 0.0 3 0.0 4 0.0 5 0.0 6 0.0 7 0.0 8 0.0 
41 23 8.464541527539467  Commodities: 0 14.910564143406267 1 0.0 2 0.0 3 0.0 4 0.0 5 0.0 6 0.0 7 0.0 8 0.0 
24 25 0.0  Commodities: 0 0.0 1 0.0 2 0.0 3 0.0 4 0.0 5 0.0 6 0.0 7 0.0 8 0.0 
25 24 5.6224497323273965  Commodities: 0 17.794617647753668 1 0.0 2 0.0 3 0.0 4 0.0 5 0.0 6 0.0 7 0.0 8 0.0 
24 42 0.0  Commodities: 0 0.0 1 0.0 2 0.0 3 0.0 4 0.0 5 0.0 6 0.0 7 0.0 8 0.0 
42 24 4.272781628230831  Commodities: 0 8.47058044226482 1 0.0 2 0.0 3 0.0 4 0.0 5 0.0 6 0.0 7 0.0 8 0.0 
25 26 0.0  Commodities: 0 0.0 1 0.0 2 0.0 3 0.0 4 0.0 5 0.0 6 0.0 7 0.0 8 0.0 
26 25 7.022356720818543  Commodities: 0 9.98994699573624 1 0.0 2 0.0 3 0.0 4 0.0 5 0.0 6 0.0 7 0.0 8 0.0 
25 43 0.0  Commodities: 0 0.0 1 0.0 2 0.0 3 0.0 4 0.0 5 0.0 6 0.0 7 0.0 8 0.0 
43 25 0.7923962529784774  Commodities: 0 8.22301301952481 1 8.21419211432924 2 0.0 3 0.0 4 0.0 5 0.5021782607369604 6 0.0 7 0.0 8 0.0 
26 27 5.941257534733268  Commodities: 0 0.0 1 0.0 2 0.0 3 0.0 4 0.0 5 0.6406362148009119 6 7.765568263719936 7 0.0 8 0.0 
27 26 4.8664200922198475  Commodities: 0 24.02287038878653 1 0.0 2 0.0 3 0.0 4 0.0 5 0.0 6 0.0 7 0.0 8 0.0 
26 44 0.0  Commodities: 0 0.0 1 0.0 2 0.0 3 0.0 4 0.0 5 0.0 6 21.2043506431105 7 0.0 8 0.0 
44 26 0.0  Commodities: 0 0.7454701036934657 1 0.0 2 0.0 3 0.0 4 0.0 5 1.062554292966688 6 0.0 7 0.0 8 0.0 
27 28 4.2001577929762846  Commodities: 0 0.0 1 0.0 2 0.0 3 0.0 4 0.0 5 0.12352602814773928 6 0.2678330674336064 7 0.0 8 0.0 
28 27 3.074461822734473  Commodities: 0 8.736528724514892 1 0.0 2 0.0 3 0.0 4 0.0 5 0.0 6 0.0 7 0.0 8 0.0 
27 45 0.0  Commodities: 0 0.0 1 0.0 2 0.0 3 0.0 4 0.0 5 0.0 6 0.005899902911072434 7 0.0 8 0.0 
45 27 4.591560275094156  Commodities: 0 14.723681669961602 1 0.0 2 0.0 3 0.0 4 0.0 5 0.0 6 0.0 7 0.0 8 0.0 
28 29 0.8550222455101775  Commodities: 0 0.0 1 0.0 2 0.0 3 0.0 4 0.0 5 0.7153751805236671 6 9.43999899759053 7 0.0 8 0.0 
29 28 0.0  Commodities: 0 7.09634555465697 1 0.0 2 0.0 3 0.0 4 0.0 5 0.0 6 0.0 7 0.0 8 0.0 
28 46 0.0  Commodities: 0 0.0 1 0.0 2 0.0 3 0.0 4 0.0 5 0.0 6 1.0807793962732812 7 0.0 8 0.0 
46 28 6.10965117181804  Commodities: 0 3.644027609355322 1 0.0 2 0.0 3 0.0 4 0.0 5 0.0 6 0.0 7 0.0 8 0.0 
29 30 1.0132209038048785  Commodities: 0 0.0 1 0.0 2 0.0 3 0.0 4 0.0 5 0.7153751872926201 6 5.5126153072943636 7 0.0 8 0.0 
30 29 3.236564890641624  Commodities: 0 1.7841083290373456 1 0.0 2 0.0 3 0.0 4 29.815590303831215 5 0.0 6 0.0 7 0.0 8 0.0 
29 47 0.0  Commodities: 0 0.0 1 0.0 2 0.0 3 0.0 4 0.0 5 0.0 6 3.927383696787387 7 0.0 8 0.0 
47 29 0.0  Commodities: 0 5.3122372303628715 1 0.0 2 0.0 3 0.0 4 12.615011326865508 5 0.0 6 0.0 7 0.0 8 0.0 
30 31 0.0  Commodities: 0 0.0 1 0.0 2 0.0 3 4.150491677563141 4 0.0 5 1.0476715919713873 6 5.477228815497171 7 0.0 8 0.0 
31 30 13.1803083381416  Commodities: 0 1.279201822930031 1 0.0 2 0.0 3 0.0 4 1.458468890868064 5 0.0 6 0.0 7 0.0 8 0.0 
30 48 0.15528357023000972  Commodities: 0 0.0 1 0.0 2 0.0 3 0.0 4 0.0 5 0.0 6 0.035386492334303264 7 0.0 8 0.0 
48 30 2.546091027088984  Commodities: 0 0.5049065041329546 1 0.0 2 0.0 3 4.150491689240989 4 0.40861481616756523 5 0.3322964082214092 6 0.0 7 0.0 8 0.0 
31 32 0.0  Commodities: 0 0.0 1 0.0 2 0.0 3 7.647406645954303 4 0.0 5 1.5060195923431556 6 5.943590456261236 7 0.0 8 0.0 
32 31 0.0  Commodities: 0 7.307023436168436 1 0.0 2 0.0 3 0.0 4 1.4584691909658636 5 0.0 6 0.0 7 0.0 8 0.0 
31 49 0.0  Commodities: 0 0.0 1 0.0 2 0.0 3 0.0 4 0.0 5 0.0 6 3.0583549015871325 7 0.0 8 0.0 
49 31 0.0  Commodities: 0 0.0 1 0.0 2 0.0 3 3.4969149742773995 4 0.0 5 0.0 6 0.0 7 0.0 8 0.0 
32 33 1.9387488675620332  Commodities: 0 0.0 1 0.0 2 0.0 3 6.319828613151345 4 0.0 5 0.0 6 0.0 7 0.0 8 0.0 
33 32 4.983259935530242  Commodities: 0 13.569016145348735 1 0.0 2 0.0 3 0.0 4 0.0 5 0.0 6 0.0 7 0.0 8 0.0 
32 50 0.0  Commodities: 0 6.261992709105387 1 0.0 2 0.0 3 0.0 4 13.023625838901054 5 1.8970289761535182 6 6.687844967440834 7 0.0 8 0.0 
50 32 0.0  Commodities: 0 0.0 1 0.0 2 0.0 3 0.0 4 0.0 5 0.0 6 0.0 7 0.0 8 0.0 
33 34 4.550434823631633  Commodities: 0 0.0 1 0.0 2 0.0 3 5.891108003604718 4 0.0 5 0.0 6 0.0 7 0.0 8 0.0 
34 33 0.0  Commodities: 0 15.50518633480772 1 0.0 2 0.0 3 0.0 4 0.0 5 0.0 6 0.0 7 0.0 8 0.0 
33 51 0.0  Commodities: 0 1.9361701956753243 1 0.0 2 0.0 3 0.0 4 0.0 5 0.0 6 0.0 7 0.0 8 0.0 
51 33 0.0  Commodities: 0 0.0 1 0.0 2 0.0 3 1.7994741205554543 4 0.0 5 0.0 6 0.0 7 0.0 8 0.0 
34 35 1.133994990948537  Commodities: 0 0.0 1 0.0 2 0.0 3 13.288320922478771 4 0.0 5 0.0 6 0.0 7 0.0 8 0.0 
35 34 0.0  Commodities: 0 26.247508152224743 1 0.0 2 0.0 3 0.0 4 0.0 5 0.0 6 0.0 7 0.0 8 0.0 
34 52 0.0  Commodities: 0 0.0 1 0.0 2 0.0 3 0.0 4 0.0 5 0.0 6 0.0 7 0.0 8 0.0 
52 34 0.0  Commodities: 0 1.5654410614418968 1 0.0 2 0.0 3 7.397212913016105 4 0.0 5 0.0 6 0.0 7 0.0 8 0.0 
35 53 0.0  Commodities: 0 0.0 1 0.0 2 0.0 3 0.0 4 0.0 5 0.0 6 0.0 7 0.0 8 0.0 
53 35 3.298702643186971  Commodities: 0 27.668231653984172 1 0.0 2 0.0 3 16.155906300198172 4 0.0 5 0.0 6 0.0 7 0.0 8 0.0 
36 37 0.0  Commodities: 0 0.0 1 6.293594101498312 2 0.0 3 0.0 4 0.0 5 0.0 6 0.0 7 0.0 8 1.1723427838286968 
37 36 0.0  Commodities: 0 0.0 1 0.0 2 0.0 3 0.0 4 0.0 5 0.0 6 0.0 7 0.0 8 0.0 
36 54 0.0  Commodities: 0 0.0 1 0.0 2 0.0 3 0.0 4 0.0 5 0.0 6 0.0 7 0.0 8 0.0 
54 36 0.0  Commodities: 0 0.0 1 7.04836887335393 2 0.0 3 0.0 4 0.0 5 0.0 6 0.0 7 0.0 8 1.7844154515146113 
37 38 0.0  Commodities: 0 0.0 1 3.7659908140535308 2 0.0 3 0.0 4 0.0 5 0.0 6 0.0 7 0.0 8 1.2008475288792886 
38 37 0.0  Commodities: 0 0.0 1 0.0 2 0.0 3 0.0 4 0.0 5 0.0 6 0.0 7 0.0 8 0.0 
37 55 0.0  Commodities: 0 0.0 1 0.0 2 0.0 3 0.0 4 0.0 5 0.0 6 0.0 7 0.0 8 0.0 
55 37 7.182872801076101  Commodities: 0 0.0 1 0.0 2 0.0 3 0.0 4 0.0 5 0.0 6 0.0 7 0.0 8 3.4875712484871126 
38 39 0.0  Commodities: 0 0.0 1 2.8193490835288992 2 0.0 3 0.0 4 0.0 5 0.0 6 0.0 7 0.0 8 0.0 
39 38 0.0  Commodities: 0 0.0 1 0.0 2 0.0 3 0.0 4 0.0 5 0.0 6 0.0 7 0.0 8 0.0 
38 56 0.0  Commodities: 0 0.0 1 0.0 2 0.0 3 0.0 4 0.0 5 0.0 6 0.0 7 0.0 8 0.0 
56 38 0.0  Commodities: 0 0.0 1 0.0 2 0.0 3 0.0 4 0.0 5 0.0 6 0.0 7 0.0 8 5.72801316214655 
39 40 0.0  Commodities: 0 0.0 1 0.0 2 0.0 3 0.0 4 0.0 5 0.0 6 0.0 7 0.0 8 0.0 
40 39 0.0  Commodities: 0 0.8160372814902137 1 1.0874678641704343 2 0.0 3 0.0 4 0.0 5 0.0 6 0.0 7 0.0 8 0.0 
39 57 0.0  Commodities: 0 0.0 1 0.0 2 0.0 3 0.0 4 0.0 5 0.0 6 0.0 7 0.0 8 0.0 
57 39 5.085199862644487  Commodities: 0 0.0 1 49.1026027253656 2 0.0 3 0.0 4 0.0 5 0.0 6 0.0 7 0.0 8 0.0 
40 41 0.0  Commodities: 0 0.0 1 1.7655331922305628 2 0.0 3 0.0 4 0.0 5 0.0 6 0.0 7 2.408175959462655 8 0.0 
41 40 0.0  Commodities: 0 0.0 1 0.0 2 0.0 3 0.0 4 0.0 5 0.0 6 0.0 7 0.0 8 0.0 
40 58 0.0  Commodities: 0 0.0 1 0.0 2 0.0 3 0.0 4 0.0 5 0.0 6 0.0 7 0.0 8 0.0 
58 40 0.0  Commodities: 0 1.4300097934780098 1 12.400369469174455 2 0.0 3 0.0 4 0.0 5 0.0 6 0.0 7 2.408175965729494 8 0.0 
41 42 4.4586171419147504  Commodities: 0 0.0 1 1.7655331956382898 2 0.0 3 0.0 4 0.0 5 0.0 6 0.0 7 2.4081759643862437 8 0.0 
42 41 0.32249503765632426  Commodities: 0 0.8391717171213715 1 0.0 2 0.0 3 0.0 4 0.0 5 0.0 6 0.0 7 0.0 8 0.0 
41 59 0.0  Commodities: 0 0.0 1 0.0 2 0.0 3 0.0 4 0.0 5 0.0 6 0.0 7 0.0 8 0.0 
59 41 0.0  Commodities: 0 14.071392428484907 1 0.0 2 0.0 3 0.0 4 0.0 5 0.0 6 0.0 7 0.0 8 0.0 
42 43 0.86591156687739  Commodities: 0 0.0 1 8.2141921121683 2 0.0 3 0.0 4 0.0 5 1.5647325571715007 6 0.0 7 6.393384325429535 8 0.0 
43 42 0.0  Commodities: 0 6.941531087053655 1 0.0 2 0.0 3 0.0 4 0.0 5 0.0 6 0.0 7 0.0 8 0.0 
42 60 0.0  Commodities: 0 0.0 1 0.0 2 0.0 3 0.0 4 0.0 5 0.0 6 0.0 7 0.0 8 0.0 
60 42 0.0  Commodities: 0 2.368221078107764 1 6.448658921925354 2 0.0 3 0.0 4 0.0 5 1.564732555880326 6 0.0 7 3.9852083631424864 8 0.0 
43 44 0.0  Commodities: 0 0.0 1 0.0 2 0.0 3 0.0 4 0.0 5 1.0625542963378478 6 0.0 7 6.393384316180816 8 0.0 
44 43 3.3036697628345735  Commodities: 0 13.312754536482325 1 0.0 2 0.0 3 0.0 4 0.0 5 0.0 6 2.83367906033257 7 0.0 8 0.0 
43 61 0.0  Commodities: 0 0.0 1 0.0 2 0.0 3 0.0 4 0.0 5 0.0 6 2.833679055232765 7 0.0 8 0.0 
61 43 0.0  Commodities: 0 1.8517895689684474 1 0.0 2 0.0 3 0.0 4 0.0 5 0.0 6 0.0 7 0.0 8 0.0 
44 45 3.794976687972234  Commodities: 0 0.0 1 0.0 2 0.0 3 0.0 4 0.0 5 0.0 6 12.438807976385194 7 6.393384304487984 8 0.0 
45 44 12.007644133631203  Commodities: 0 6.567400908110632 1 0.0 2 3.7748001251261885 3 0.0 4 0.0 5 0.0 6 0.0 7 0.0 8 0.0 
44 62 4.772846220673344  Commodities: 0 0.0 1 0.0 2 0.0 3 0.0 4 0.0 5 0.0 6 5.931863607185462 7 0.0 8 0.0 
62 44 0.0  Commodities: 0 7.490823729096709 1 0.0 2 7.225199847298171 3 0.0 4 0.0 5 0.0 6 0.0 7 0.0 8 0.0 
45 46 6.8642026930533575  Commodities: 0 0.0 1 0.0 2 0.0 3 0.0 4 0.0 5 0.0 6 12.159759108439808 7 0.0 8 0.0 
46 45 0.0  Commodities: 0 23.653822724305517 1 0.0 2 6.043665517614986 3 0.0 4 0.0 5 0.0 6 0.0 7 0.0 8 0.0 
45 63 0.0  Commodities: 0 2.362740149385398 1 0.0 2 2.2688653970062336 3 0.0 4 0.0 5 0.0 6 0.28494877124251006 7 0.0 8 0.0 
63 45 0.0  Commodities: 0 0.0 1 0.0 2 0.0 3 0.0 4 0.0 5 0.0 6 0.0 7 4.606615666932101 8 0.0 
46 47 1.0598907081455735  Commodities: 0 0.0 1 0.0 2 0.0 3 0.0 4 0.0 5 6.067690719372391 6 7.789555027309517 7 0.0 8 0.0 
47 46 0.0  Commodities: 0 27.338042726552473 1 0.0 2 6.085376621185414 3 0.0 4 0.0 5 0.0 6 0.0 7 0.0 8 0.0 
46 64 0.0  Commodities: 0 0.04019239869652528 1 0.0 2 0.041711104705275295 3 0.0 4 0.0 5 0.0 6 5.450983478691115 7 0.0 8 0.0 
64 46 0.0  Commodities: 0 0.0 1 0.0 2 0.0 3 0.0 4 0.0 5 6.067690741345168 6 0.0 7 0.0 8 0.0 
47 48 0.0  Commodities: 0 0.0 1 0.0 2 0.0 3 0.0 4 0.0 5 6.067690720123581 6 5.108645581101978 7 0.0 8 0.0 
48 47 0.0  Commodities: 0 28.95069048214591 1 0.0 2 2.9625923933536717 3 0.0 4 12.299538156753632 5 0.0 6 0.0 7 0.0 8 0.0 
47 65 0.40990934326519124  Commodities: 0 0.0 1 0.0 2 0.0 3 0.0 4 0.0 5 0.0 6 6.608293144315226 7 0.0 8 0.0 
65 47 0.0  Commodities: 0 3.699589475996528 1 0.0 2 3.1227842372339762 3 0.0 4 0.3154731735586629 5 0.0 6 0.0 7 0.0 8 0.0 
48 49 2.584160781089608  Commodities: 0 0.0 1 0.0 2 0.0 3 0.0 4 0.0 5 5.735394311085035 6 0.0 7 0.0 8 0.0 
49 48 6.922836506522231  Commodities: 0 27.213103547421852 1 0.0 2 0.0 3 0.0 4 12.55577427006095 5 0.0 6 0.0 7 0.0 8 0.0 
48 66 0.0  Commodities: 0 0.0 1 0.0 2 0.0 3 0.0 4 0.0 5 0.0 6 5.144032069394475 7 0.0 8 0.0 
66 48 3.021964104368749  Commodities: 0 2.2424934358758333 1 0.0 2 2.962592404638076 3 4.150491688077457 4 0.15237870066107537 5 0.0 6 0.0 7 0.0 8 0.0 
49 50 3.1494242789892155  Commodities: 0 0.0 1 0.0 2 0.0 3 7.364012472390215 4 0.0 5 9.438909088460742 6 0.0 7 0.0 8 0.0 
50 49 0.0  Commodities: 0 27.310654376443363 1 0.0 2 0.0 3 0.0 4 13.023625783172552 5 0.0 6 0.0 7 0.0 8 0.0 
49 67 0.0025059646413012615  Commodities: 0 0.09755114786254893 1 0.0 2 0.0 3 0.0 4 0.46785180988833114 5 0.0 6 3.0583548924562507 7 0.0 8 0.0 
67 49 3.4454149537751046  Commodities: 0 0.0 1 0.0 2 0.0 3 10.860927443967068 4 0.0 5 3.703514764300957 6 0.0 7 0.0 8 0.0 
50 51 0.0  Commodities: 0 0.0 1 0.0 2 0.0 3 7.929276461706368 4 0.0 5 0.0 6 0.0 7 0.0 8 0.0 
51 50 0.0  Commodities: 0 21.048661674775488 1 0.0 2 0.0 3 0.0 4 0.0 5 0.0 6 0.0 7 0.0 8 0.0 
50 68 0.0  Commodities: 0 0.0 1 0.0 2 0.0 3 0.0 4 0.0 5 0.0 6 6.687844985336229 7 0.0 8 0.0 
68 50 0.8110870987839576  Commodities: 0 0.0 1 0.0 2 0.0 3 0.5652639971335709 4 0.0 5 1.6640619323834613 6 0.0 7 0.0 8 0.0 
51 52 1.9545399087486928  Commodities: 0 0.0 1 0.0 2 0.0 3 6.1298023421525665 4 0.0 5 0.0 6 0.0 7 0.0 8 0.0 
52 51 8.92685942193242  Commodities: 0 4.497121150311649 1 0.0 2 0.0 3 0.0 4 0.0 5 0.0 6 0.0 7 0.0 8 0.0 
51 69 0.0  Commodities: 0 0.0 1 0.0 2 0.0 3 0.0 4 0.0 5 0.0 6 0.0 7 0.0 8 0.0 
69 51 0.0  Commodities: 0 14.615370331006515 1 0.0 2 0.0 3 0.0 4 0.0 5 0.0 6 0.0 7 0.0 8 0.0 
52 53 0.0  Commodities: 0 0.0 1 0.0 2 0.0 3 6.671359021943006 4 0.0 5 0.0 6 0.0 7 0.0 8 0.0 
53 52 2.0462578019544253  Commodities: 0 7.838654424845594 1 0.0 2 0.0 3 0.0 4 0.0 5 0.0 6 0.0 7 0.0 8 0.0 
52 70 2.392162715173299  Commodities: 0 1.77609221744279 1 0.0 2 0.0 3 0.0 4 0.0 5 0.0 6 0.0 7 0.0 8 0.0 
70 52 0.0  Commodities: 0 0.0 1 0.0 2 0.0 3 7.938769594428389 4 0.0 5 0.0 6 0.0 7 0.0 8 0.0 
53 71 0.0  Commodities: 0 43.493113922447804 1 0.0 2 0.0 3 0.0 4 0.0 5 0.0 6 0.0 7 0.0 8 0.0 
71 53 0.28312317278928134  Commodities: 0 0.0 1 0.0 2 0.0 3 9.484547278167675 4 0.0 5 0.0 6 0.0 7 0.0 8 0.0 
54 55 0.0  Commodities: 0 0.0 1 2.163474585926647E-5 2 0.0 3 0.0 4 0.0 5 0.0 6 0.0 7 0.0 8 0.0 
55 54 0.0  Commodities: 0 0.0 1 0.0 2 0.0 3 0.0 4 0.0 5 0.0 6 0.0 7 0.0 8 1.7844154609448446 
54 72 0.0  Commodities: 0 0.0 1 0.0 2 0.0 3 0.0 4 0.0 5 0.0 6 0.0 7 0.0 8 0.0 
72 54 0.0  Commodities: 0 0.0 1 7.048390501433874 2 0.0 3 0.0 4 0.0 5 0.0 6 0.0 7 0.0 8 0.0 
55 56 4.571368717418196  Commodities: 0 0.0 1 36.623761693162855 2 0.0 3 0.0 4 0.0 5 0.0 6 0.0 7 0.0 8 5.7280133047116335 
56 55 0.0  Commodities: 0 0.0 1 0.0 2 0.0 3 0.0 4 0.0 5 0.0 6 0.0 7 0.0 8 0.0 
55 73 0.0  Commodities: 0 0.0 1 0.0 2 0.0 3 0.0 4 0.0 5 0.0 6 0.0 7 0.0 8 0.0 
73 55 0.0  Commodities: 0 0.0 1 36.62374006801066 2 0.0 3 0.0 4 0.0 5 0.0 6 0.0 7 0.0 8 0.0 
56 57 1.0418830346840267  Commodities: 0 0.0 1 38.588233281127735 2 0.0 3 0.0 4 0.0 5 0.0 6 0.0 7 0.0 8 0.0 
57 56 0.0  Commodities: 0 0.0 1 0.0 2 0.0 3 0.0 4 0.0 5 0.0 6 0.0 7 0.0 8 0.0 
56 74 0.0  Commodities: 0 0.0 1 0.0 2 0.0 3 0.0 4 0.0 5 0.0 6 0.0 7 0.0 8 0.0 
74 56 9.576583229047287  Commodities: 0 0.0 1 1.9644715860627706 2 0.0 3 0.0 4 0.0 5 0.0 6 0.0 7 0.0 8 0.0 
57 58 0.0  Commodities: 0 0.0 1 0.0 2 0.0 3 0.0 4 0.0 5 0.0 6 0.0 7 0.0 8 0.0 
58 57 0.0  Commodities: 0 0.0 1 0.0 2 0.0 3 0.0 4 0.0 5 0.0 6 0.0 7 0.0 8 0.0 
57 75 0.0  Commodities: 0 0.0 1 0.0 2 0.0 3 0.0 4 0.0 5 0.0 6 0.0 7 0.0 8 0.0 
75 57 0.0  Commodities: 0 0.0 1 10.514369488463668 2 0.0 3 0.0 4 0.0 5 0.0 6 0.0 7 0.0 8 0.0 
58 59 0.0  Commodities: 0 0.0 1 3.12292811411176 2 0.0 3 0.0 4 0.0 5 0.0 6 0.0 7 3.9306027347007015 8 0.0 
59 58 0.0  Commodities: 0 1.4300096572112346 1 0.0 2 0.0 3 0.0 4 0.0 5 0.0 6 0.0 7 0.0 8 0.0 
58 76 0.0  Commodities: 0 0.0 1 0.0 2 0.0 3 0.0 4 0.0 5 0.0 6 0.0 7 0.0 8 0.0 
76 58 0.0  Commodities: 0 0.0 1 15.523297541818602 2 0.0 3 0.0 4 0.0 5 0.0 6 0.0 7 6.338778605619283 8 0.0 
59 60 0.0  Commodities: 0 0.0 1 4.745718760675394 2 0.0 3 0.0 4 0.0 5 0.0 6 0.0 7 5.287072678891696 8 0.0 
60 59 0.0  Commodities: 0 15.501402082714138 1 0.0 2 0.0 3 0.0 4 0.0 5 0.0 6 0.0 7 0.0 8 0.0 
59 77 0.0  Commodities: 0 0.0 1 0.0 2 0.0 3 0.0 4 0.0 5 0.0 6 0.0 7 0.0 8 0.0 
77 59 0.7061500877158551  Commodities: 0 0.0 1 1.6227906537329588 2 0.0 3 0.0 4 0.0 5 0.0 6 0.0 7 1.3564699509986078 8 0.0 
60 61 0.0  Commodities: 0 0.0 1 0.0 2 0.0 3 0.0 4 0.0 5 2.795028935846431 6 0.0 7 2.33251071925954 8 0.0 
61 60 2.1807449156267182  Commodities: 0 14.77511657647663 1 0.0 2 0.0 3 0.0 4 0.0 5 0.0 6 0.0 7 0.0 8 0.0 
60 78 0.0  Commodities: 0 0.0 1 0.0 2 0.0 3 0.0 4 0.0 5 0.0 6 0.0 7 0.0 8 0.0 
78 60 0.0  Commodities: 0 3.09450658277988 1 1.7029401650463218 2 0.0 3 0.0 4 0.0 5 4.359761489245949 6 0.0 7 1.0306464016198578 8 0.0 
61 62 0.0  Commodities: 0 0.0 1 0.0 2 0.0 3 0.0 4 0.0 5 5.86337130208535 6 0.0 7 3.5452300953723364 8 0.0 
62 61 2.877880779687132  Commodities: 0 16.626906156639905 1 0.0 2 0.0 3 0.0 4 0.0 5 0.0 6 0.0 7 0.0 8 0.0 
61 79 0.0  Commodities: 0 0.0 1 0.0 2 0.0 3 0.0 4 0.0 5 0.0 6 2.833679054184498 7 0.0 8 0.0 
79 61 1.7028304816121818  Commodities: 0 0.0 1 0.0 2 0.0 3 0.0 4 0.0 5 3.068342370302509 6 0.0 7 1.2127193800387648 8 0.0 
62 63 0.0  Commodities: 0 0.0 1 0.0 2 0.0 3 0.0 4 0.0 5 6.765787919327288 6 4.244459909189154 7 4.606615666628081 8 0.0 
63 62 8.4505186476556  Commodities: 0 24.11772989422889 1 0.0 2 7.225199834631208 3 0.0 4 0.0 5 0.0 6 0.0 7 0.0 8 0.0 
62 80 0.0  Commodities: 0 0.0 1 0.0 2 0.0 3 0.0 4 0.0 5 0.0 6 1.6874037112514872 7 0.0 8 0.0 
80 62 0.0  Commodities: 0 0.0 1 0.0 2 0.0 3 0.0 4 0.0 5 0.9024166258952381 6 0.0 7 1.061385579503762 8 0.0 
63 64 4.088179123587938  Commodities: 0 0.0 1 0.0 2 0.0 3 0.0 4 0.0 5 6.765787909312439 6 0.0 7 0.0 8 0.0 
64 63 1.2564684789580411  Commodities: 0 21.754989746832052 1 0.0 2 4.956334437736176 3 0.0 4 0.0 5 0.0 6 0.0 7 0.0 8 0.0 
63 81 2.316164966991071  Commodities: 0 0.0 1 0.0 2 0.0 3 0.0 4 0.0 5 0.0 6 4.529408677563947 7 0.0 8 0.0 
81 63 0.0  Commodities: 0 0.0 1 0.0 2 0.0 3 0.0 4 0.0 5 0.0 6 0.0 7 0.0 8 0.0 
64 65 2.458270416792214  Commodities: 0 0.0 1 0.0 2 0.0 3 0.0 4 0.0 5 0.69809717480099 6 1.570318284547523 7 0.0 8 0.0 
65 64 1.962716132087408  Commodities: 0 22.463963266926324 1 0.0 2 4.9146233453105665 3 0.0 4 0.0 5 0.0 6 0.0 7 0.0 8 0.0 
64 82 0.0  Commodities: 0 0.7491659167852502 1 0.0 2 0.0 3 0.0 4 0.0 5 0.0 6 3.880665193969456 7 0.0 8 0.0 
82 64 0.0  Commodities: 0 0.0 1 0.0 2 0.0 3 0.0 4 0.0 5 0.0 6 0.0 7 0.0 8 0.0 
65 66 0.0  Commodities: 0 0.0 1 0.0 2 0.0 3 0.0 4 0.0 5 0.6980971792810766 6 0.6013134511376508 7 0.0 8 0.0 
66 65 0.0  Commodities: 0 16.617424626991095 1 0.0 2 4.881948827878126 3 0.0 4 0.31547313849008596 5 0.0 6 0.0 7 0.0 8 0.0 
65 83 0.6450086940145106  Commodities: 0 0.0 1 0.0 2 0.0 3 0.0 4 0.0 5 0.0 6 7.577297977181069 7 0.0 8 0.0 
83 65 1.0741056547520458  Commodities: 0 9.54612811495199 1 0.0 2 3.1554587540204913 3 0.0 4 0.0 5 0.0 6 0.0 7 0.0 8 0.0 
66 67 0.0  Commodities: 0 0.0 1 0.0 2 0.0 3 14.582049754335857 4 0.0 5 3.0583868375665952 6 2.7474522568342272 7 0.0 8 0.0 
67 66 1.424377737632895  Commodities: 0 15.113440555706964 1 0.0 2 6.021448176998928 3 0.0 4 0.46785182487792115 5 0.0 6 0.0 7 0.0 8 0.0 
66 84 0.0  Commodities: 0 0.0 1 0.0 2 0.0 3 0.0 4 0.0 5 0.0 6 2.9978932644895493 7 0.0 8 0.0 
84 66 0.0  Commodities: 0 3.7464775080136405 1 0.0 2 1.8230930563932672 3 18.732541443992275 4 0.0 5 2.3602896578650387 6 0.0 7 0.0 8 0.0 
67 68 4.493307953266445  Commodities: 0 0.0 1 0.0 2 0.0 3 5.759910529204166 4 0.0 5 0.668571273477794 6 0.0 7 0.0 8 0.0 
68 67 0.6122166451835085  Commodities: 0 11.537023148812247 1 0.0 2 4.38683904382828 3 0.0 4 0.0 5 0.0 6 0.0 7 0.0 8 0.0 
67 85 3.3191375587654974  Commodities: 0 0.0 1 0.0 2 0.0 3 0.0 4 0.0 5 0.0 6 5.805807146750715 7 0.0 8 0.0 
85 67 0.0  Commodities: 0 3.478866262446434 1 0.0 2 1.6346091329106127 3 2.038788218803831 4 0.0 5 1.3136992001434458 6 0.0 7 0.0 8 0.0 
68 69 0.0  Commodities: 0 0.0 1 0.0 2 0.0 3 8.019942741904144 4 0.0 5 0.0 6 0.0 7 0.0 8 0.0 
69 68 9.49346375942136  Commodities: 0 13.815037137015551 1 0.0 2 0.0 3 0.0 4 0.0 5 0.0 6 0.0 7 0.0 8 0.0 
68 86 0.0  Commodities: 0 2.2780139982650733 1 0.0 2 6.61316095163426 3 0.0 4 0.0 5 0.0 6 6.687844989230702 7 0.0 8 0.0 
86 68 0.0  Commodities: 0 0.0 1 0.0 2 0.0 3 2.825296211783872 4 0.0 5 0.9954906620478335 6 0.0 7 0.0 8 0.0 
69 70 0.0  Commodities: 0 0.0 1 0.0 2 0.0 3 8.01994304651291 4 0.0 5 0.0 6 0.0 7 0.0 8 0.0 
70 69 5.709652428453836  Commodities: 0 29.85271773608672 1 0.0 2 0.0 3 0.0 4 0.0 5 0.0 6 0.0 7 0.0 8 0.0 
69 87 4.53416470953664  Commodities: 0 1.4223102695695182 1 0.0 2 0.0 3 0.0 4 0.0 5 0.0 6 0.0 7 0.0 8 0.0 
87 69 0.0  Commodities: 0 0.0 1 0.0 2 0.0 3 0.0 4 0.0 5 0.0 6 0.0 7 0.0 8 0.0 
70 71 0.0  Commodities: 0 0.0 1 0.0 2 0.0 3 0.08117346238548029 4 0.0 5 0.0 6 0.0 7 0.0 8 0.0 
71 70 3.211458708310033  Commodities: 0 22.975101799598193 1 0.0 2 0.0 3 0.0 4 0.0 5 0.0 6 0.0 7 0.0 8 0.0 
70 88 0.0  Commodities: 0 0.0 1 0.0 2 0.0 3 0.0 4 0.0 5 0.0 6 0.0 7 0.0 8 0.0 
88 70 0.0  Commodities: 0 5.1015237270545954 1 0.0 2 0.0 3 0.0 4 0.0 5 0.0 6 0.0 7 0.0 8 0.0 
71 89 0.0  Commodities: 0 20.51801212833484 1 0.0 2 0.0 3 0.0 4 0.0 5 0.0 6 0.0 7 0.0 8 0.0 
89 71 0.0  Commodities: 0 0.0 1 0.0 2 0.0 3 9.40337382143528 4 0.0 5 0.0 6 0.0 7 0.0 8 0.0 
72 73 0.0  Commodities: 0 0.0 1 0.0 2 0.0 3 0.0 4 0.0 5 0.0 6 0.0 7 0.0 8 0.0 
73 72 0.0  Commodities: 0 0.0 1 7.048390506209931 2 0.0 3 0.0 4 0.0 5 0.0 6 0.0 7 0.0 8 0.0 
73 74 0.0  Commodities: 0 0.0 1 0.0 2 0.0 3 0.0 4 0.0 5 0.0 6 0.0 7 0.0 8 0.0 
74 73 0.0  Commodities: 0 0.0 1 43.67213056791575 2 0.0 3 0.0 4 0.0 5 0.0 6 0.0 7 0.0 8 0.0 
74 75 7.950687895926933  Commodities: 0 0.0 1 29.363397849644542 2 0.0 3 0.0 4 0.0 5 0.0 6 0.0 7 0.0 8 0.0 
75 74 0.0  Commodities: 0 0.0 1 0.0 2 0.0 3 0.0 4 0.0 5 0.0 6 0.0 7 0.0 8 0.0 
75 76 0.0  Commodities: 0 0.0 1 18.849028363768344 2 0.0 3 0.0 4 0.0 5 0.0 6 0.0 7 10.999999910488757 8 0.0 
76 75 0.0  Commodities: 0 0.0 1 0.0 2 0.0 3 0.0 4 0.0 5 0.0 6 0.0 7 0.0 8 0.0 
76 77 0.0  Commodities: 0 0.0 1 3.3257308257617093 2 0.0 3 0.0 4 0.0 5 0.0 6 0.0 7 4.661221308671723 8 0.0 
77 76 0.0  Commodities: 0 0.0 1 0.0 2 0.0 3 0.0 4 0.0 5 0.0 6 0.0 7 0.0 8 0.0 
77 78 0.2876328104991188  Commodities: 0 0.0 1 1.7029401726190643 2 0.0 3 0.0 4 0.0 5 0.0 6 0.0 7 3.3047513582647507 8 0.0 
78 77 0.0  Commodities: 0 0.0 1 0.0 2 0.0 3 0.0 4 0.0 5 0.0 6 0.0 7 0.0 8 0.0 
78 79 2.277844779848216  Commodities: 0 0.0 1 0.0 2 0.0 3 0.0 4 0.0 5 8.640238513091942 6 0.0 7 2.274104960390173 8 0.0 
79 78 0.0  Commodities: 0 3.094506726922469 1 0.0 2 0.0 3 0.0 4 0.0 5 0.0 6 0.0 7 0.0 8 0.0 
79 80 0.0  Commodities: 0 0.0 1 0.0 2 0.0 3 0.0 4 0.0 5 5.5718961470853 6 2.8336790545902515 7 1.0613855846772322 8 0.0 
80 79 0.0  Commodities: 0 3.0945067142550275 1 0.0 2 0.0 3 0.0 4 0.0 5 0.0 6 0.0 7 0.0 8 0.0 
80 81 0.0  Commodities: 0 0.0 1 0.0 2 0.0 3 0.0 4 0.0 5 4.66947952332806 6 4.521082761325459 7 0.0 8 0.0 
81 80 0.0  Commodities: 0 3.0945067023724997 1 0.0 2 0.0 3 0.0 4 0.0 5 0.0 6 0.0 7 0.0 8 0.0 
81 82 7.490877733614241  Commodities: 0 0.0 1 0.0 2 0.0 3 0.0 4 0.0 5 4.669479524983135 6 9.050491438539192 7 0.0 8 0.0 
82 81 0.0  Commodities: 0 3.0945067020078505 1 0.0 2 0.0 3 0.0 4 0.0 5 0.0 6 0.0 7 0.0 8 0.0 
82 83 2.248981725947104  Commodities: 0 0.0 1 0.0 2 0.0 3 0.0 4 0.0 5 4.669479519384647 6 12.93115662943096 7 0.0 8 0.0 
83 82 12.874526786054815  Commodities: 0 2.3453407844716105 1 0.0 2 0.0 3 0.0 4 0.0 5 0.0 6 0.0 7 0.0 8 0.0 
83 84 0.0  Commodities: 0 0.0 1 0.0 2 0.0 3 0.0 4 0.0 5 4.669479514962365 6 20.508454605813267 7 0.0 8 0.0 
84 83 0.0  Commodities: 0 11.891468898577338 1 0.0 2 3.1554587626692063 3 0.0 4 0.0 5 0.0 6 0.0 7 0.0 8 0.0 
84 85 0.7173946905937747  Commodities: 0 0.0 1 0.0 2 0.0 3 14.267458554510355 4 0.0 5 2.309189858762885 6 23.506347868532366 7 0.0 8 0.0 
85 84 0.0  Commodities: 0 15.637946404762321 1 0.0 2 4.978551817233006 3 0.0 4 0.0 5 0.0 6 0.0 7 0.0 8 0.0 
85 86 0.0  Commodities: 0 0.0 1 0.0 2 0.0 3 12.22867033817637 4 0.0 5 0.9954906613299338 6 0.0 7 0.0 8 0.0 
86 85 0.0  Commodities: 0 19.11681266683206 1 0.0 2 6.613160949455215 3 0.0 4 0.0 5 0.0 6 6.687844988774225 7 0.0 8 0.0 
86 87 0.9180462344232367  Commodities: 0 0.0 1 0.0 2 0.0 3 9.40337413073904 4 0.0 5 0.0 6 0.0 7 0.0 8 0.0 
87 86 0.0  Commodities: 0 16.83879867280897 1 0.0 2 0.0 3 0.0 4 0.0 5 0.0 6 0.0 7 0.0 8 0.0 
87 88 1.1204140438438372  Commodities: 0 0.0 1 0.0 2 0.0 3 9.403373824129877 4 0.0 5 0.0 6 0.0 7 0.0 8 0.0 
88 87 16.598037686289274  Commodities: 0 15.41648840133516 1 0.0 2 0.0 3 0.0 4 0.0 5 0.0 6 0.0 7 0.0 8 0.0 
88 89 0.0  Commodities: 0 0.0 1 0.0 2 0.0 3 9.403373818433796 4 0.0 5 0.0 6 0.0 7 0.0 8 0.0 
89 88 0.0  Commodities: 0 20.51801212534156 1 0.0 2 0.0 3 0.0 4 0.0 5 0.0 6 0.0 7 0.0 8 0.0 
 Execution Time:  10269 ms
 true Commodity ID : 0 KP : 709.617631218591 LP : 709.617631218591
 false Commodity ID : 1 KP : 260.4157789728645 LP : 269.04616393436265
 true Commodity ID : 2 KP : 200.33066839762895 LP : 200.33066839762895
 true Commodity ID : 3 KP : 181.14814931629803 LP : 181.14814931629803
 true Commodity ID : 4 KP : 185.30095241307566 LP : 185.30095241307566
 true Commodity ID : 5 KP : 180.5778220723836 LP : 180.5778220723836
 true Commodity ID : 6 KP : 170.28832955161363 LP : 170.28832955161363
 true Commodity ID : 7 KP : 123.61008085258999 LP : 123.61008085258999
 true Commodity ID : 8 KP : 57.1194783591183 LP : 57.1194783591183

Number of Toll Stations: 99
SocialOptimum : 663982.4438607055
