0 1 0.0  Commodities: 0 0.0 1 0.0 2 0.0 3 0.0 4 0.0 5 0.0 6 0.0 
1 0 0.0  Commodities: 0 0.0 1 0.0 2 0.0 3 0.0 4 0.0 5 0.0 6 1.6994132726788662 
0 12 0.0  Commodities: 0 0.0 1 0.0 2 0.0 3 0.0 4 0.0 5 0.0 6 1.6994132699903721 
12 0 11.564755897325956  Commodities: 0 0.0 1 0.0 2 0.0 3 0.0 4 0.0 5 0.0 6 0.0 
1 2 0.0  Commodities: 0 0.0 1 0.0 2 0.0 3 0.0 4 0.0 5 0.0 6 0.0 
2 1 0.0  Commodities: 0 0.0 1 0.0 2 0.0 3 0.0 4 0.0 5 0.0 6 37.22360517492413 
1 13 7.324737438422346  Commodities: 0 0.0 1 0.0 2 0.0 3 0.0 4 0.0 5 0.0 6 35.52419190897488 
13 1 0.0  Commodities: 0 0.0 1 0.0 2 0.0 3 0.0 4 0.0 5 0.0 6 0.0 
2 3 14.464576838036066  Commodities: 0 0.0 1 0.0 2 0.0 3 0.0 4 0.0 5 0.0 6 38.398832521318226 
3 2 0.0  Commodities: 0 0.0 1 0.0 2 0.0 3 0.0 4 0.0 5 0.0 6 0.0 
2 14 12.736524372741826  Commodities: 0 0.0 1 0.0 2 0.0 3 0.0 4 0.0 5 0.0 6 12.377562306167368 
14 2 0.0  Commodities: 0 0.0 1 0.0 2 0.0 3 0.0 4 0.0 5 0.0 6 0.0 
3 4 0.0  Commodities: 0 1.0121811772170828 1 0.0 2 10.865239580091428 3 0.0 4 0.0 5 0.0 6 36.82093444660208 
4 3 17.892784550213683  Commodities: 0 0.0 1 0.0 2 0.0 3 1.2906468007551353 4 0.0 5 0.0 6 0.0 
3 15 0.0  Commodities: 0 0.0 1 0.0 2 0.0 3 1.2906467969225248 4 0.0 5 0.0 6 1.5778980791411972 
15 3 0.0  Commodities: 0 1.0121811774324525 1 0.0 2 10.865239578909716 3 0.0 4 0.0 5 0.0 6 0.0 
4 5 0.0  Commodities: 0 1.0121811759295847 1 0.0 2 9.472033851722834 3 0.0 4 0.0 5 0.0 6 30.768448117008642 
5 4 0.0  Commodities: 0 0.0 1 0.0 2 0.0 3 1.2906467333806844 4 0.0 5 0.0 6 0.0 
4 16 1.6276932484542925  Commodities: 0 0.0 1 0.0 2 1.3932057332310206 3 0.0 4 0.0 5 0.0 6 6.052486334387023 
16 4 0.0  Commodities: 0 0.0 1 0.0 2 0.0 3 0.0 4 0.0 5 0.0 6 0.0 
5 6 0.0  Commodities: 0 1.01218116751193 1 0.0 2 8.090522491724139 3 0.0 4 0.0 5 0.0 6 22.089266296217286 
6 5 0.0  Commodities: 0 0.0 1 0.0 2 0.0 3 1.2906466416836113 4 0.0 5 0.0 6 0.0 
5 17 0.0  Commodities: 0 0.0 1 0.0 2 1.3815113578047418 3 0.0 4 0.0 5 0.0 6 8.679181818595202 
17 5 0.0  Commodities: 0 0.0 1 0.0 2 0.0 3 0.0 4 0.0 5 0.0 6 0.0 
6 7 0.0  Commodities: 0 1.0121811602237072 1 0.0 2 0.0 3 0.0 4 0.0 5 83.99999996586544 6 0.0 
7 6 0.0  Commodities: 0 0.0 1 0.0 2 0.0 3 1.1942887589864677 4 0.0 5 0.0 6 0.0 
6 18 2.0393932149696923  Commodities: 0 0.0 1 0.0 2 8.090522095724701 3 0.0 4 0.0 5 0.0 6 22.089265905352907 
18 6 0.0  Commodities: 0 0.0 1 0.0 2 0.0 3 0.09635788183351085 4 0.0 5 0.0 6 0.0 
7 8 0.0  Commodities: 0 6.269281763195348 1 0.0 2 0.0 3 0.0 4 0.0 5 83.99999996518736 6 0.0 
8 7 0.0  Commodities: 0 0.0 1 0.0 2 0.0 3 0.0 4 0.0 5 0.0 6 0.0 
7 19 3.4492572569642235  Commodities: 0 0.0 1 0.0 2 0.0 3 0.0 4 0.0 5 0.0 6 0.0 
19 7 4.027056599938561  Commodities: 0 5.257100609950325 1 0.0 2 0.0 3 1.1942887658189818 4 0.0 5 0.0 6 0.0 
8 9 0.0  Commodities: 0 36.367810240168225 1 0.0 2 0.0 3 0.0 4 0.0 5 0.0 6 0.0 
9 8 0.0  Commodities: 0 0.0 1 0.0 2 0.0 3 0.0 4 0.0 5 0.0 6 0.0 
8 20 0.0  Commodities: 0 0.0 1 0.0 2 0.0 3 0.0 4 0.0 5 0.0 6 0.0 
20 8 3.7673589319765313  Commodities: 0 30.098528475833177 1 0.0 2 0.0 3 0.0 4 0.0 5 0.0 6 0.0 
9 10 0.0  Commodities: 0 37.63575275898462 1 0.0 2 0.0 3 0.0 4 0.0 5 0.0 6 0.0 
10 9 0.0  Commodities: 0 0.0 1 0.0 2 0.0 3 0.0 4 0.0 5 0.0 6 0.0 
9 21 0.0  Commodities: 0 0.0 1 0.0 2 0.0 3 0.0 4 0.0 5 0.0 6 0.0 
21 9 8.7059056182365  Commodities: 0 1.267942524681528 1 0.0 2 0.0 3 0.0 4 0.0 5 0.0 6 0.0 
10 11 0.0  Commodities: 0 0.0 1 0.0 2 0.0 3 0.0 4 0.0 5 0.0 6 0.0 
11 10 0.0  Commodities: 0 3.335445273851008 1 0.0 2 0.0 3 0.0 4 0.0 5 0.0 6 0.0 
10 22 0.0  Commodities: 0 0.0 1 0.0 2 0.0 3 0.0 4 0.0 5 0.0 6 0.0 
22 10 4.353801587812313  Commodities: 0 7.028801971448238 1 0.0 2 0.0 3 0.0 4 0.0 5 0.0 6 0.0 
11 23 14.684226000311298  Commodities: 0 0.0 1 0.0 2 0.0 3 0.0 4 0.0 5 0.0 6 0.0 
23 11 0.0  Commodities: 0 3.3354452722338763 1 0.0 2 0.0 3 0.0 4 0.0 5 0.0 6 0.0 
12 13 0.795531672365513  Commodities: 0 0.0 1 0.0 2 12.103449242404771 3 0.0 4 0.0 5 0.0 6 1.6994132337755037 
13 12 0.0  Commodities: 0 0.0 1 0.0 2 0.0 3 0.0 4 0.0 5 0.0 6 0.0 
12 24 8.966450811634218  Commodities: 0 0.0 1 0.0 2 0.0 3 0.0 4 0.0 5 0.0 6 0.0 
24 12 0.0  Commodities: 0 0.0 1 0.0 2 12.103449246597444 3 0.0 4 0.0 5 0.0 6 0.0 
13 14 0.0  Commodities: 0 0.0 1 0.0 2 12.103449235311702 3 0.0 4 0.0 5 0.0 6 0.6938705033015468 
14 13 6.688927971325711  Commodities: 0 0.0 1 0.0 2 0.0 3 12.868704401306516 4 0.0 5 0.0 6 0.0 
13 25 0.0  Commodities: 0 0.0 1 0.0 2 0.0 3 0.0 4 0.0 5 0.0 6 36.52973463689219 
25 13 0.0  Commodities: 0 0.0 1 0.0 2 0.0 3 6.1312955788480075 4 0.0 5 0.0 6 0.0 
14 15 0.0  Commodities: 0 0.0 1 0.0 2 12.103449227829755 3 0.0 4 0.0 5 0.0 6 1.4989634095851054 
15 14 0.0  Commodities: 0 0.0 1 0.0 2 0.0 3 12.868704344798054 4 0.0 5 0.0 6 0.0 
14 26 7.5057047904271315  Commodities: 0 0.0 1 0.0 2 0.0 3 0.0 4 0.0 5 0.0 6 11.572469399623882 
26 14 0.0  Commodities: 0 0.0 1 0.0 2 0.0 3 0.0 4 0.0 5 0.0 6 0.0 
15 16 8.864245189040886  Commodities: 0 0.0 1 0.0 2 1.23820964482308 3 0.0 4 0.0 5 0.0 6 0.0 
16 15 21.29875115008155  Commodities: 0 0.0 1 0.0 2 0.0 3 12.265223321594835 4 0.0 5 0.0 6 0.0 
15 27 0.0  Commodities: 0 0.0 1 0.0 2 0.0 3 0.687165773631851 4 0.0 5 0.0 6 3.076861485954597 
27 15 0.0  Commodities: 0 1.0121811783611756 1 0.0 2 0.0 3 0.0 4 0.0 5 0.0 6 0.0 
16 17 0.0  Commodities: 0 3.1281989615151633 1 0.0 2 2.63141535023169 3 0.0 4 0.11165628044649493 5 0.0 6 3.9883909305413345 
17 16 0.23482473254881953  Commodities: 0 0.0 1 0.0 2 0.0 3 12.265223393183819 4 0.0 5 0.0 6 0.0 
16 28 2.6577798562213957  Commodities: 0 0.0 1 0.0 2 0.0 3 0.0 4 0.0 5 0.0 6 2.064095408639803 
28 16 0.6430094330454281  Commodities: 0 3.1281989493689584 1 0.0 2 0.0 3 0.0 4 0.11165625961477074 5 0.0 6 0.0 
17 18 0.0  Commodities: 0 3.1281989680308127 1 0.0 2 0.37191703972590284 3 0.0 4 0.1116562990543667 5 0.0 6 0.3180840659182102 
18 17 0.1679605509945219  Commodities: 0 0.0 1 0.0 2 0.0 3 12.265223477143286 4 0.0 5 0.0 6 0.0 
17 29 5.729211608246139  Commodities: 0 0.0 1 0.0 2 3.641009666809707 3 0.0 4 0.0 5 0.0 6 12.349488681804289 
29 17 0.0  Commodities: 0 0.0 1 0.0 2 0.0 3 0.0 4 0.0 5 0.0 6 0.0 
18 19 0.0  Commodities: 0 3.1281989859463066 1 0.0 2 6.705147308350008 3 0.0 4 0.1116563374530619 5 0.0 6 9.008329797445949 
19 18 3.0436598838009097  Commodities: 0 0.0 1 0.0 2 0.0 3 12.361581358035336 4 0.0 5 0.0 6 0.0 
18 30 3.831060370432624  Commodities: 0 0.0 1 0.0 2 1.75729182814786 3 0.0 4 0.0 5 0.0 6 13.399020174819855 
30 18 0.0  Commodities: 0 0.0 1 0.0 2 0.0 3 0.0 4 0.0 5 0.0 6 0.0 
19 20 0.0  Commodities: 0 4.2092251360932 1 0.0 2 0.0 3 0.0 4 0.2635975641250809 5 0.0 6 0.0 
20 19 0.0  Commodities: 0 0.0 1 0.0 2 0.0 3 0.0 4 0.0 5 0.0 6 0.0 
19 31 0.0  Commodities: 0 0.0 1 0.0 2 6.705147694829385 3 0.0 4 0.0 5 0.0 6 9.008330181888079 
31 19 0.0  Commodities: 0 6.338126757766773 1 0.0 2 0.0 3 13.555870119383234 4 0.15194121534923483 5 0.0 6 0.0 
20 21 0.0  Commodities: 0 2.2167866746731706 1 0.0 2 0.0 3 0.0 4 0.28932776734157273 5 0.0 6 0.0 
21 20 0.0  Commodities: 0 0.0 1 0.0 2 0.0 3 0.0 4 0.0 5 0.0 6 0.0 
20 32 0.0  Commodities: 0 0.0 1 0.0 2 0.0 3 0.0 4 0.0 5 0.0 6 0.0 
32 20 0.0  Commodities: 0 28.106090015822787 1 0.0 2 0.0 3 0.0 4 0.025730209681599003 5 0.0 6 0.0 
21 22 0.0  Commodities: 0 7.005420857983233 1 0.0 2 0.0 3 0.0 4 0.3122446567376688 5 0.0 6 0.0 
22 21 0.0  Commodities: 0 0.0 1 0.0 2 0.0 3 0.0 4 0.0 5 0.0 6 0.0 
21 33 0.0  Commodities: 0 0.0 1 0.0 2 0.0 3 0.0 4 0.0 5 0.0 6 0.0 
33 21 1.1013965994336274  Commodities: 0 6.056576699020158 1 0.0 2 0.0 3 0.0 4 0.022916856769258007 5 0.0 6 0.0 
22 23 0.0  Commodities: 0 3.335445268317449 1 0.0 2 0.0 3 0.0 4 0.33311998613114335 5 0.0 6 0.0 
23 22 0.0  Commodities: 0 0.0 1 0.0 2 0.0 3 0.0 4 0.0 5 0.0 6 0.0 
22 34 0.0  Commodities: 0 0.0 1 0.0 2 0.0 3 0.0 4 0.0 5 0.0 6 0.0 
34 22 0.0  Commodities: 0 3.3588263846436224 1 0.0 2 0.0 3 0.0 4 0.02087533353029192 5 0.0 6 0.0 
23 35 0.0  Commodities: 0 0.0 1 0.0 2 0.0 3 0.0 4 0.33311998556702666 5 0.0 6 0.0 
35 23 0.0  Commodities: 0 0.0 1 0.0 2 0.0 3 0.0 4 0.0 5 0.0 6 0.0 
24 25 0.0  Commodities: 0 0.0 1 0.0 2 26.324654748423466 3 0.0 4 0.0 5 0.0 6 0.0 
25 24 0.0  Commodities: 0 0.0 1 0.0 2 0.0 3 0.0 4 0.0 5 0.0 6 0.0 
24 36 0.0  Commodities: 0 0.0 1 0.0 2 33.57189600951094 3 0.0 4 0.0 5 0.0 6 0.0 
36 24 0.0  Commodities: 0 0.0 1 0.0 2 0.0 3 0.0 4 0.0 5 0.0 6 0.0 
25 26 13.13069652408953  Commodities: 0 0.0 1 0.0 2 19.259741827849552 3 0.0 4 0.0 5 0.0 6 3.0217446280979265 
26 25 0.0  Commodities: 0 0.0 1 0.0 2 0.0 3 5.04181026476694 4 0.0 5 0.0 6 0.0 
25 37 0.0  Commodities: 0 0.0 1 0.0 2 7.0649129352862845 3 0.0 4 0.0 5 0.0 6 33.507990019584966 
37 25 0.0  Commodities: 0 0.0 1 0.0 2 0.0 3 1.089485326870217 4 0.0 5 0.0 6 0.0 
26 27 0.0  Commodities: 0 0.0 1 0.0 2 17.09029167162901 3 0.0 4 0.0 5 0.0 6 0.0 
27 26 0.0  Commodities: 0 0.0 1 0.0 2 0.0 3 4.979254519219062 4 0.0 5 0.0 6 0.0 
26 38 0.0  Commodities: 0 0.0 1 0.0 2 2.169450160515984 3 0.0 4 0.0 5 0.0 6 14.594213990469825 
38 26 1.432304126853687  Commodities: 0 0.0 1 0.0 2 0.0 3 0.06255579969182655 4 0.0 5 0.0 6 0.0 
27 28 7.0374641514203375  Commodities: 0 0.0 1 0.0 2 6.655307876803068 3 0.0 4 0.0 5 0.0 6 0.0 
28 27 1.9251049018695205  Commodities: 0 0.0 1 0.0 2 0.0 3 3.5683558882656206 4 0.0 5 0.0 6 0.0 
27 39 13.98881481735664  Commodities: 0 0.0 1 0.0 2 10.434983802789414 3 0.0 4 0.0 5 0.0 6 3.0768615146694587 
39 27 0.7063604083437411  Commodities: 0 1.0121811674693597 1 0.0 2 0.0 3 0.7237328611824537 4 0.0 5 0.0 6 0.0 
28 29 0.0  Commodities: 0 0.3078243778957903 1 0.0 2 2.3525870190733422 3 0.0 4 0.06427666747707608 5 0.0 6 0.0 
29 28 13.02049258298166  Commodities: 0 0.0 1 0.0 2 0.0 3 3.8853008127388966 4 0.0 5 0.0 6 0.0 
28 40 2.109740298952296  Commodities: 0 0.0 1 0.0 2 4.302720893390412 3 0.3169449278515739 4 0.0 5 0.0 6 2.064095388694091 
40 28 1.337405982693106  Commodities: 0 3.436023329127537 1 0.0 2 0.0 3 0.0 4 0.17593292923035284 5 0.0 6 0.0 
29 30 0.0  Commodities: 0 1.634978998091733 1 0.0 2 1.8714041552305236 3 0.0 4 0.12173024091385412 5 0.0 6 1.4597490136437479 
30 29 0.35026885845672595  Commodities: 0 0.0 1 0.0 2 0.0 3 3.8753779767581538 4 0.0 5 0.0 6 0.0 
29 41 2.5161206356986554  Commodities: 0 0.0 1 0.0 2 4.12219253477312 3 0.0 4 0.0 5 0.0 6 10.88973970085525 
41 29 0.0  Commodities: 0 1.327154629258241 1 0.0 2 0.0 3 0.009922843027260887 4 0.05745358372751779 5 0.0 6 0.0 
30 31 0.0  Commodities: 0 1.6349789882535553 1 0.0 2 0.0 3 0.0 4 0.12173022780950174 5 0.0 6 0.0 
31 30 10.237471847743636  Commodities: 0 0.0 1 0.0 2 0.0 3 3.875377963498833 4 0.0 5 0.0 6 0.0 
30 42 0.0  Commodities: 0 0.0 1 0.0 2 3.6286959835776424 3 0.0 4 0.0 5 0.0 6 14.858769188664718 
42 30 0.0  Commodities: 0 0.0 1 0.0 2 0.0 3 0.0 4 0.0 5 0.0 6 0.0 
31 32 0.0  Commodities: 0 0.0 1 0.0 2 5.9061171488760715 3 0.0 4 0.0 5 0.0 6 7.4921094317062344 
32 31 0.0  Commodities: 0 0.0 1 0.0 2 0.0 3 0.0 4 0.0 5 0.0 6 0.0 
31 43 4.680093843209875  Commodities: 0 0.0 1 0.0 2 0.7990305459517975 3 1.5687519175675615 4 0.0 5 0.0 6 1.5162207500857974 
43 31 1.4533584668035786  Commodities: 0 4.703147775114935 1 0.0 2 0.0 3 0.0 4 0.030210970543694794 5 0.0 6 0.0 
32 33 1.4658086773661694  Commodities: 0 3.0464632895677966 1 0.0 2 5.2409093172535135 3 0.0 4 29.86798077939883 5 0.0 6 6.443485415205995 
33 32 0.0  Commodities: 0 0.0 1 0.0 2 0.0 3 0.0 4 0.0 5 0.0 6 0.0 
32 44 0.0  Commodities: 0 0.0 1 0.0 2 0.6652078324612005 3 0.0 4 0.0 5 0.0 6 1.0486240176462687 
44 32 0.3163753046347395  Commodities: 0 31.152553298468845 1 0.0 2 0.0 3 0.0 4 29.89371098758849 5 0.0 6 0.0 
33 34 0.0  Commodities: 0 1.4560381293191482 1 0.0 2 0.0 3 0.0 4 47.828930541985144 5 0.0 6 0.0 
34 33 0.0  Commodities: 0 0.0 1 0.0 2 0.0 3 0.0 4 0.0 5 0.0 6 0.0 
33 45 1.3386718153585804  Commodities: 0 0.0 1 0.0 2 5.240909317457233 3 0.0 4 0.0 5 0.0 6 6.443485418709665 
45 33 4.340711674351866  Commodities: 0 4.4661515386685915 1 0.0 2 0.0 3 0.0 4 17.983866619313044 5 0.0 6 0.0 
34 35 2.690399783645944  Commodities: 0 0.0 1 0.0 2 0.0 3 0.0 4 54.30619683509097 5 0.0 6 0.0 
35 34 0.0  Commodities: 0 0.0 1 0.0 2 0.0 3 0.0 4 0.0 5 0.0 6 0.0 
34 46 0.0  Commodities: 0 0.0 1 0.0 2 0.0 3 0.0 4 0.0 5 0.0 6 0.0 
46 34 4.610916125466446  Commodities: 0 1.902788258610691 1 0.0 2 0.0 3 0.0 4 6.498141627297364 5 0.0 6 0.0 
35 47 0.0  Commodities: 0 0.0 1 0.0 2 0.0 3 0.0 4 0.0 5 0.0 6 0.0 
47 35 7.403658902210964  Commodities: 0 0.0 1 0.0 2 0.0 3 0.0 4 12.360683182779518 5 0.0 6 0.0 
36 37 0.0  Commodities: 0 0.0 1 0.0 2 0.0 3 0.0 4 0.0 5 0.0 6 0.0 
37 36 7.878140226453468  Commodities: 0 0.0 1 0.0 2 0.0 3 0.0 4 0.0 5 0.0 6 4.592365402796436 
36 48 0.0  Commodities: 0 0.0 1 0.0 2 33.57189601256418 3 0.0 4 0.0 5 0.0 6 4.592365436060086 
48 36 0.0  Commodities: 0 0.0 1 0.0 2 0.0 3 0.0 4 0.0 5 0.0 6 0.0 
37 38 7.68552075132132  Commodities: 0 0.0 1 0.0 2 7.064912926073556 3 0.0 4 0.0 5 0.0 6 7.097989053141444 
38 37 0.0  Commodities: 0 0.0 1 0.0 2 0.0 3 0.0 4 0.0 5 0.0 6 0.0 
37 49 12.30409117783401  Commodities: 0 0.0 1 0.0 2 0.0 3 0.0 4 0.0 5 0.0 6 21.817635564140872 
49 37 4.762289545345816  Commodities: 0 0.0 1 0.0 2 0.0 3 1.0894850776684135 4 0.0 5 0.0 6 0.0 
38 39 14.199099071684557  Commodities: 0 0.9807373100738987 1 0.0 2 9.234363086326193 3 0.0 4 0.2731897452472493 5 0.0 6 0.0 
39 38 0.0  Commodities: 0 0.0 1 0.0 2 0.0 3 0.0 4 0.0 5 0.0 6 0.0 
38 50 0.0  Commodities: 0 0.0 1 0.0 2 0.0 3 0.0 4 0.0 5 0.0 6 21.69220301194416 
50 38 1.4174717194126032  Commodities: 0 0.9807373130838118 1 0.0 2 0.0 3 0.06255586901359841 4 0.27318974811578783 5 0.0 6 0.0 
39 40 0.0  Commodities: 0 26.072048002818658 1 0.0 2 19.669346891527322 3 0.0 4 0.6478319843262145 5 0.0 6 0.0 
40 39 0.0  Commodities: 0 0.0 1 0.0 2 0.0 3 0.5643627065855222 4 0.0 5 0.0 6 0.0 
39 51 0.0  Commodities: 0 0.0 1 0.0 2 0.0 3 0.0 4 0.0 5 0.0 6 3.076861547001378 
51 39 12.065641963171828  Commodities: 0 26.103491862740903 1 0.0 2 0.0 3 0.15937025149545303 4 0.37464234239329397 5 0.0 6 0.0 
40 41 0.0  Commodities: 0 25.805934682024002 1 0.0 2 23.972067779788148 3 0.0 4 5.846947284856157 5 0.0 6 0.0 
41 40 19.24020118830068  Commodities: 0 0.0 1 0.0 2 0.0 3 0.24741778916295992 4 0.0 5 0.0 6 0.0 
40 52 0.0  Commodities: 0 0.0 1 0.0 2 0.0 3 0.0 4 0.0 5 0.0 6 2.064095357284402 
52 40 8.02604537074128  Commodities: 0 3.1699100035665047 1 0.0 2 0.0 3 0.0 4 5.375048224935349 5 0.0 6 0.0 
41 42 0.0  Commodities: 0 29.80304641556626 1 0.0 2 28.094260309220097 3 0.0 4 16.596522125918966 5 0.0 6 7.123700427396825 
42 41 0.0  Commodities: 0 0.0 1 0.0 2 0.0 3 0.25734063312157995 4 0.0 5 0.0 6 0.0 
41 53 1.1623178169135997  Commodities: 0 0.0 1 0.0 2 0.0 3 0.0 4 0.0 5 0.0 6 3.7660393002219985 
53 41 4.014067859370421  Commodities: 0 5.3242663580421725 1 0.0 2 0.0 3 0.0 4 10.80702841951461 5 0.0 6 0.0 
42 43 0.0  Commodities: 0 42.22464080714819 1 0.0 2 31.722956292323975 3 0.0 4 40.87454735087652 5 0.0 6 21.98246961192407 
43 42 0.0  Commodities: 0 0.0 1 0.0 2 0.0 3 1.1387857801638985 4 0.0 5 0.0 6 0.0 
42 54 1.7327523573802583  Commodities: 0 0.0 1 0.0 2 0.0 3 0.881445132628206 4 0.0 5 0.0 6 0.0 
54 42 0.0  Commodities: 0 12.421594393035656 1 0.0 2 0.0 3 0.0 4 24.27802522499871 5 0.0 6 0.0 
43 44 0.0  Commodities: 0 37.521493044955506 1 0.0 2 32.5219868314795 3 0.0 4 62.01816021206471 5 0.0 6 18.27462853920634 
44 43 0.0  Commodities: 0 0.0 1 0.0 2 0.0 3 0.0 4 0.0 5 0.0 6 0.0 
43 55 0.0  Commodities: 0 0.0 1 0.0 2 0.0 3 0.4299661443512807 4 0.0 5 0.0 6 5.224061822368771 
55 43 3.45905343013478  Commodities: 0 0.0 1 0.0 2 0.0 3 0.0 4 21.173823831539114 5 0.0 6 0.0 
44 45 0.0  Commodities: 0 6.368939755925518 1 0.0 2 33.18719465402978 3 0.0 4 32.124449242786824 5 0.0 6 1.9632181513537086 
45 44 0.0  Commodities: 0 0.0 1 13.995834039309216 2 0.0 3 0.0 4 0.0 5 0.0 6 0.0 
44 56 4.605694425145636  Commodities: 0 0.0 1 13.995834032935228 2 0.0 3 0.0 4 0.0 5 0.0 6 17.360034402295916 
56 44 0.0  Commodities: 0 0.0 1 0.0 2 0.0 3 0.0 4 0.0 5 0.0 6 0.0 
45 46 0.0  Commodities: 0 1.9027882599211954 1 0.0 2 16.115805950438027 3 0.0 4 18.858824804528293 5 0.0 6 0.0 
46 45 1.850262085460269  Commodities: 0 0.0 1 5.736190347608585 2 0.0 3 0.0 4 0.0 5 0.0 6 0.0 
45 57 8.956352479434674  Commodities: 0 0.0 1 0.0 2 22.312298023459196 3 0.0 4 0.0 5 0.0 6 8.40670356479482 
57 45 0.0  Commodities: 0 0.0 1 8.259643697739333 2 0.0 3 0.0 4 4.718242178054461 5 0.0 6 0.0 
46 47 0.0  Commodities: 0 0.0 1 0.0 2 11.968231796483089 3 0.0 4 12.360683180090934 5 0.0 6 0.0 
47 46 0.7830829737758656  Commodities: 0 0.0 1 4.253998874206504 2 0.0 3 0.0 4 0.0 5 0.0 6 0.0 
46 58 14.59897168776169  Commodities: 0 0.0 1 0.0 2 4.147574156373415 3 0.0 4 0.0 5 0.0 6 0.0 
58 46 0.0  Commodities: 0 0.0 1 1.4821914745539628 2 0.0 3 0.0 4 0.0 5 0.0 6 0.0 
47 59 15.222141296464144  Commodities: 0 0.0 1 0.0 2 11.968231804577819 3 0.0 4 0.0 5 0.0 6 0.0 
59 47 0.0  Commodities: 0 0.0 1 4.253998877169855 2 0.0 3 0.0 4 0.0 5 0.0 6 0.0 
48 49 2.2218008012162898  Commodities: 0 0.0 1 0.0 2 20.55844471496872 3 0.0 4 0.0 5 0.0 6 1.0839363074887147 
49 48 3.1108629859778034  Commodities: 0 0.0 1 0.0 2 0.0 3 0.0 4 0.0 5 0.0 6 0.0 
48 60 3.151645935665016  Commodities: 0 0.0 1 0.0 2 13.013451296640742 3 0.0 4 0.0 5 0.0 6 3.5084291276044794 
60 48 0.0  Commodities: 0 0.0 1 0.0 2 0.0 3 0.0 4 0.0 5 0.0 6 0.0 
49 50 0.0  Commodities: 0 27.084229111740942 1 0.0 2 19.617715245134107 3 0.0 4 0.6478320412820383 5 0.0 6 21.64319461440897 
50 49 0.0  Commodities: 0 0.0 1 0.0 2 0.0 3 1.0894850993925906 4 0.0 5 0.0 6 0.0 
49 61 0.0  Commodities: 0 0.0 1 0.0 2 0.9407294806924204 3 0.0 4 0.0 5 0.0 6 1.2583772610425843 
61 49 0.0  Commodities: 0 27.084229118573447 1 0.0 2 0.0 3 0.0 4 0.6478320467556113 5 0.0 6 0.0 
50 51 0.0  Commodities: 0 26.103491856074974 1 0.0 2 4.904332841364323 3 0.0 4 0.374642335388421 5 0.0 6 4.391347016180307 
51 50 8.995428591856733  Commodities: 0 0.0 1 0.0 2 0.0 3 1.1520408791837098 4 0.0 5 0.0 6 0.0 
50 62 0.21428686657661444  Commodities: 0 0.0 1 0.0 2 14.713382406230965 3 0.0 4 0.0 5 0.0 6 38.94405060918713 
62 50 7.723671326137424  Commodities: 0 0.0 1 0.0 2 0.0 3 0.0 4 0.0 5 0.0 6 0.0 
51 52 9.49316261354005  Commodities: 0 0.0 1 0.0 2 0.19490604517226964 3 0.0 4 0.0 5 0.0 6 0.0 
52 51 0.0  Commodities: 0 0.0 1 0.0 2 0.0 3 1.311411073902707 4 0.0 5 0.0 6 0.0 
51 63 3.4059875719261044  Commodities: 0 0.0 1 0.0 2 4.709426793408509 3 0.0 4 0.0 5 0.0 6 7.4682085597327115 
63 51 0.0  Commodities: 0 0.0 1 0.0 2 0.0 3 0.0 4 0.0 5 0.0 6 0.0 
52 53 3.685399900894339  Commodities: 0 0.0 1 0.0 2 0.19490605349102105 3 0.0 4 0.0 5 0.0 6 2.0640953591218416 
53 52 0.0  Commodities: 0 0.0 1 0.0 2 0.0 3 1.311411083331817 4 0.0 5 0.0 6 0.0 
52 64 0.0  Commodities: 0 0.0 1 0.0 2 0.0 3 0.0 4 0.0 5 0.0 6 0.0 
64 52 0.0  Commodities: 0 3.1699100121946038 1 0.0 2 0.0 3 0.0 4 5.375048233417695 5 0.0 6 0.0 
53 54 0.0  Commodities: 0 12.421594399906544 1 0.0 2 9.039757973890618 3 0.0 4 20.093561214038758 5 0.0 6 5.830134662176972 
54 53 0.0  Commodities: 0 0.0 1 0.0 2 0.0 3 1.3114110894149518 4 0.0 5 0.0 6 0.0 
53 65 0.0  Commodities: 0 0.0 1 0.0 2 0.0 3 0.0 4 0.0 5 0.0 6 0.0 
65 53 0.0  Commodities: 0 17.745860744366468 1 0.0 2 8.844851920131703 3 0.0 4 30.900589619999057 5 0.0 6 0.0 
54 55 16.15847048717559  Commodities: 0 0.0 1 0.0 2 9.039757972979451 3 0.0 4 0.0 5 0.0 6 0.0 
55 54 0.0  Commodities: 0 0.0 1 0.0 2 0.0 3 0.429966130952494 4 0.0 5 0.0 6 0.0 
54 66 6.680757944850427  Commodities: 0 0.0 1 0.0 2 0.0 3 0.0 4 0.0 5 0.0 6 5.830134661894881 
66 54 23.295061716896058  Commodities: 0 0.0 1 0.0 2 0.0 3 0.0 4 4.184464019041758 5 0.0 6 0.0 
55 56 3.2351223606567032  Commodities: 0 0.0 1 0.0 2 9.489155103865412 3 0.0 4 4.718241227718512 5 0.0 6 3.3650204777525756 
56 55 0.0  Commodities: 0 0.0 1 0.0 2 0.0 3 0.0 4 0.0 5 0.0 6 0.0 
55 67 2.108090013456561  Commodities: 0 0.0 1 0.0 2 0.0 3 0.0 4 0.0 5 0.0 6 1.859041349464058 
67 55 18.35929108872358  Commodities: 0 0.0 1 0.0 2 0.44939712820431077 3 0.0 4 25.892065054520568 5 0.0 6 0.0 
56 57 0.33011986028746776  Commodities: 0 0.0 1 0.0 2 9.489155620427283 3 0.0 4 4.718242180465313 5 0.0 6 0.0 
57 56 9.513648363391805  Commodities: 0 0.0 1 4.323508122898784 2 0.0 3 0.0 4 0.0 5 0.0 6 0.0 
56 68 0.0  Commodities: 0 0.0 1 18.319342159628274 2 0.0 3 0.0 4 0.0 5 0.0 6 20.725054873158165 
68 56 27.60717174372246  Commodities: 0 0.0 1 0.0 2 0.0 3 0.0 4 0.0 5 0.0 6 0.0 
57 58 0.0  Commodities: 0 0.0 1 0.0 2 31.80145364275718 3 0.0 4 0.0 5 0.0 6 0.0 
58 57 0.0  Commodities: 0 0.0 1 12.58315181983304 2 0.0 3 0.0 4 0.0 5 0.0 6 0.0 
57 69 0.0  Commodities: 0 0.0 1 0.0 2 0.0 3 0.0 4 0.0 5 0.0 6 8.406703567514732 
69 57 0.0  Commodities: 0 0.0 1 0.0 2 0.0 3 0.0 4 0.0 5 0.0 6 0.0 
58 59 3.926436522880522  Commodities: 0 0.0 1 0.0 2 9.376923100701676 3 0.0 4 0.0 5 0.0 6 0.0 
59 58 0.0  Commodities: 0 0.0 1 5.508939909393857 2 0.0 3 0.0 4 0.0 5 0.0 6 0.0 
58 70 0.0  Commodities: 0 0.0 1 0.0 2 26.57210469712798 3 0.0 4 0.0 5 0.0 6 0.0 
70 58 1.905867564819701  Commodities: 0 0.0 1 8.556403383701621 2 0.0 3 0.0 4 0.0 5 0.0 6 0.0 
59 71 0.0  Commodities: 0 0.0 1 0.0 2 21.345154905160577 3 0.0 4 0.0 5 0.0 6 0.0 
71 59 0.0  Commodities: 0 0.0 1 9.762938786442252 2 0.0 3 0.0 4 0.0 5 0.0 6 0.0 
60 61 0.0  Commodities: 0 0.0 1 0.0 2 11.312105961506406 3 0.0 4 0.0 5 0.0 6 2.145168252433657 
61 60 0.0  Commodities: 0 0.0 1 0.0 2 0.0 3 0.0 4 0.0 5 0.0 6 0.0 
60 72 0.0  Commodities: 0 0.0 1 0.0 2 1.7013453453680276 3 0.0 4 0.0 5 0.0 6 1.3632608856398107 
72 60 13.789044282079775  Commodities: 0 0.0 1 0.0 2 0.0 3 0.0 4 0.0 5 0.0 6 0.0 
61 62 0.0  Commodities: 0 20.91577085240417 1 0.0 2 11.816584262579207 3 0.0 4 0.09916164783230229 5 0.0 6 2.952609667359521 
62 61 0.0  Commodities: 0 0.0 1 0.0 2 0.0 3 0.0 4 0.0 5 0.0 6 0.0 
61 73 0.0  Commodities: 0 0.0 1 0.0 2 0.43625117850345857 3 0.0 4 0.0 5 0.0 6 0.45093584505230955 
73 61 16.861801298356312  Commodities: 0 0.0 1 0.0 2 0.0 3 0.0 4 0.7469936892850412 5 0.0 6 0.0 
62 63 0.0  Commodities: 0 20.915770797448676 1 0.0 2 26.529966664534452 3 0.0 4 30.07908713731609 5 0.0 6 41.8966602720097 
63 62 0.0  Commodities: 0 0.0 1 0.0 2 0.0 3 0.0 4 0.0 5 0.0 6 0.0 
62 74 0.0  Commodities: 0 0.0 1 0.0 2 0.0 3 0.0 4 0.0 5 0.0 6 0.0 
74 62 21.817934348732592  Commodities: 0 0.0 1 0.0 2 0.0 3 0.0 4 29.979925531074358 5 0.0 6 0.0 
63 64 0.0  Commodities: 0 20.91577079511495 1 0.0 2 31.239393457171996 3 0.0 4 36.27563785765108 5 0.0 6 49.36486883084383 
64 63 0.0  Commodities: 0 0.0 1 0.0 2 0.0 3 0.0 4 0.0 5 0.0 6 0.0 
63 75 0.0  Commodities: 0 0.0 1 0.0 2 0.0 3 0.0 4 0.0 5 0.0 6 0.0 
75 63 24.511376446975802  Commodities: 0 0.0 1 0.0 2 0.0 3 0.0 4 6.196550725093954 5 0.0 6 0.0 
64 65 0.0  Commodities: 0 17.74586077334049 1 0.0 2 28.865993159913927 3 0.0 4 30.90058961998524 5 0.0 6 46.60406836916302 
65 64 0.0  Commodities: 0 0.0 1 0.0 2 0.0 3 0.0 4 0.0 5 0.0 6 0.0 
64 76 2.9973547208030027  Commodities: 0 0.0 1 0.0 2 2.3734002852138767 3 0.0 4 0.0 5 0.0 6 2.7608004571545988 
76 64 0.0  Commodities: 0 0.0 1 0.0 2 0.0 3 0.0 4 0.0 5 0.0 6 0.0 
65 66 0.0  Commodities: 0 0.0 1 0.0 2 18.662929368416947 3 0.0 4 0.0 5 0.0 6 45.14823512488459 
66 65 0.0  Commodities: 0 0.0 1 0.0 2 0.0 3 0.0 4 0.0 5 0.0 6 0.0 
65 77 0.0  Commodities: 0 0.0 1 0.0 2 1.3582118743006708 3 0.0 4 0.0 5 0.0 6 1.4558332431986472 
77 65 17.13739776634698  Commodities: 0 0.0 1 0.0 2 0.0 3 0.0 4 0.0 5 0.0 6 0.0 
66 67 0.0  Commodities: 0 0.0 1 0.0 2 13.00477819814711 3 0.0 4 25.892066022647832 5 0.0 6 44.53419197231611 
67 66 0.0  Commodities: 0 0.0 1 0.0 2 0.0 3 0.0 4 0.0 5 0.0 6 0.0 
66 78 2.3559213716177894  Commodities: 0 0.0 1 0.0 2 5.658151175522982 3 0.0 4 0.0 5 0.0 6 6.444177818740234 
78 66 0.0  Commodities: 0 0.0 1 0.0 2 0.0 3 0.0 4 30.076530038862774 5 0.0 6 0.0 
67 68 0.0  Commodities: 0 0.0 1 0.0 2 7.624390815845076 3 0.0 4 0.0 5 0.0 6 42.029375855610034 
68 67 0.0  Commodities: 0 0.0 1 0.0 2 0.0 3 0.0 4 0.0 5 0.0 6 0.0 
67 79 1.6469263175776092  Commodities: 0 0.0 1 0.0 2 4.930990257219953 3 0.0 4 0.0 5 0.0 6 4.363857464907925 
79 67 0.0  Commodities: 0 0.0 1 0.0 2 0.0 3 0.0 4 0.0 5 0.0 6 0.0 
68 69 9.319606853380321  Commodities: 0 0.0 1 0.0 2 0.0 3 0.0 4 0.0 5 0.0 6 58.868753560707646 
69 68 15.018481329311655  Commodities: 0 0.0 1 15.206602654604831 2 0.0 3 0.0 4 0.0 5 0.0 6 0.0 
68 80 3.881531539853242  Commodities: 0 0.0 1 0.0 2 7.624390298920529 3 0.0 4 0.0 5 0.0 6 3.8856771671979993 
80 68 0.0  Commodities: 0 0.0 1 32.47405518057298 2 0.0 3 0.0 4 0.0 5 0.0 6 0.0 
69 70 12.449539251633098  Commodities: 0 0.0 1 0.0 2 0.0 3 0.0 4 0.0 5 0.0 6 0.0 
70 69 5.178364166798872  Commodities: 0 0.0 1 15.206602654736932 2 0.0 3 0.0 4 0.0 5 0.0 6 0.0 
69 81 0.0  Commodities: 0 0.0 1 0.0 2 0.0 3 0.0 4 0.0 5 0.0 6 0.0 
81 69 0.0  Commodities: 0 0.0 1 0.0 2 0.0 3 0.0 4 0.0 5 0.0 6 20.724542867035428 
70 71 0.0  Commodities: 0 0.0 1 0.0 2 21.806663434821807 3 0.0 4 0.0 5 0.0 6 0.0 
71 70 0.0  Commodities: 0 0.0 1 23.76300603953575 2 0.0 3 0.0 4 0.0 5 0.0 6 0.0 
70 82 1.7487986811498217  Commodities: 0 0.0 1 0.0 2 4.765441269906049 3 0.0 4 0.0 5 0.0 6 0.0 
82 70 0.0  Commodities: 0 0.0 1 0.0 2 0.0 3 0.0 4 0.0 5 0.0 6 0.0 
71 83 0.0  Commodities: 0 0.0 1 32.47405517732021 2 43.151818338899695 3 0.0 4 0.0 5 0.0 6 0.0 
83 71 0.0  Commodities: 0 0.0 1 0.0 2 0.0 3 0.0 4 0.0 5 0.0 6 0.0 
72 73 0.32263948218795235  Commodities: 0 0.0 1 0.0 2 1.7013453444449171 3 0.0 4 0.0 5 0.0 6 1.3632608846634742 
73 72 7.269418933369366  Commodities: 0 0.0 1 0.0 2 0.0 3 0.0 4 0.0 5 0.0 6 0.0 
73 74 0.09288055740009327  Commodities: 0 0.0 1 0.0 2 2.1375965176923133 3 0.0 4 0.0 5 0.0 6 1.814196724370222 
74 73 0.0  Commodities: 0 0.0 1 0.0 2 0.0 3 0.0 4 0.7469937086479225 5 0.0 6 0.0 
74 75 0.0  Commodities: 0 0.0 1 0.0 2 2.137596513695761 3 0.0 4 36.273080769100986 5 0.0 6 1.8141967205854264 
75 74 0.0  Commodities: 0 0.0 1 0.0 2 0.0 3 0.0 4 0.0 5 0.0 6 0.0 
75 76 0.0  Commodities: 0 0.0 1 0.0 2 2.137596516553018 3 0.0 4 30.076530045812902 5 0.0 6 1.8141967235467389 
76 75 0.0  Commodities: 0 0.0 1 0.0 2 0.0 3 0.0 4 0.0 5 0.0 6 0.0 
76 77 0.0  Commodities: 0 0.0 1 0.0 2 4.510996801759224 3 0.0 4 30.07653004760284 5 0.0 6 4.574997180696152 
77 76 0.0  Commodities: 0 0.0 1 0.0 2 0.0 3 0.0 4 0.0 5 0.0 6 0.0 
77 78 0.0  Commodities: 0 0.0 1 0.0 2 5.869208673758252 3 0.0 4 30.07653004248006 5 0.0 6 6.030830421600132 
78 77 0.0  Commodities: 0 0.0 1 0.0 2 0.0 3 0.0 4 0.0 5 0.0 6 0.0 
78 79 0.0  Commodities: 0 0.0 1 0.0 2 11.527359841891412 3 0.0 4 0.0 5 0.0 6 12.475008232946792 
79 78 0.0  Commodities: 0 0.0 1 0.0 2 0.0 3 0.0 4 0.0 5 0.0 6 0.0 
79 80 0.0  Commodities: 0 0.0 1 0.0 2 16.458350097744304 3 0.0 4 0.0 5 0.0 6 16.838865696482884 
80 79 0.0  Commodities: 0 0.0 1 0.0 2 0.0 3 0.0 4 0.0 5 0.0 6 0.0 
80 81 0.0  Commodities: 0 0.0 1 0.0 2 24.08274039380221 3 0.0 4 0.0 5 0.0 6 20.724542860786663 
81 80 0.0  Commodities: 0 0.0 1 32.47405517759833 2 0.0 3 0.0 4 0.0 5 0.0 6 0.0 
81 82 29.725193678603432  Commodities: 0 0.0 1 0.0 2 24.082740393890795 3 0.0 4 0.0 5 0.0 6 0.0 
82 81 0.0  Commodities: 0 0.0 1 32.474055178593545 2 0.0 3 0.0 4 0.0 5 0.0 6 0.0 
82 83 0.0  Commodities: 0 0.0 1 0.0 2 28.84818166355834 3 0.0 4 0.0 5 0.0 6 0.0 
83 82 6.798270770666363  Commodities: 0 0.0 1 32.4740551775654 2 0.0 3 0.0 4 0.0 5 0.0 6 0.0 
 Execution Time:  15048 ms
 true Commodity ID : 0 KP : 444.52695265554934 LP : 444.52695265554934
 true Commodity ID : 1 KP : 148.18120087781756 LP : 148.18120087781756
 true Commodity ID : 2 KP : 547.7016123830392 LP : 547.7016123830392
 true Commodity ID : 3 KP : 115.20947526703526 LP : 115.20947526703526
 true Commodity ID : 4 KP : 441.81134508034586 LP : 441.81134508034586
 true Commodity ID : 5 KP : 212.33449594189355 LP : 212.33449594189355
 true Commodity ID : 6 KP : 540.4253913227566 LP : 540.4253913227566

Number of Toll Stations: 106
SocialOptimum : 986575.555885022
