0 1 0.0  Commodities: 0 0.0 1 0.0 2 0.0 3 0.0 4 0.0 5 0.0 6 0.0 7 0.0 8 0.0 9 0.0 10 0.0 11 0.0 12 0.04888102151975075 13 0.0 
1 0 0.0  Commodities: 0 0.0 1 0.0 2 0.0 3 0.0 4 0.0 5 0.0 6 0.0 7 0.0 8 0.0 9 0.0 10 0.0 11 0.0 12 0.0 13 0.0 
0 19 0.0  Commodities: 0 0.0 1 0.0 2 0.0 3 0.0 4 0.0 5 0.0 6 0.0 7 0.0 8 0.0 9 0.0 10 0.0 11 0.0 12 0.0 13 0.0 
19 0 0.0  Commodities: 0 0.0 1 0.0 2 0.0 3 0.0 4 0.0 5 0.0 6 0.0 7 0.0 8 0.0 9 0.0 10 0.0 11 0.0 12 0.04888102232428282 13 0.0 
1 2 0.0  Commodities: 0 0.0 1 0.0 2 0.0 3 0.0 4 0.0 5 0.0 6 0.0 7 0.0 8 0.0 9 0.0 10 0.0 11 0.0 12 0.0 13 0.0 
2 1 12.385413751795738  Commodities: 0 0.0 1 0.0 2 0.0 3 0.0 4 0.0 5 0.0 6 0.0 7 0.0 8 0.0 9 0.0 10 0.0 11 0.0 12 9.01592877485888 13 0.0 
1 20 1.8815163822624754  Commodities: 0 0.0 1 0.0 2 0.0 3 0.0 4 0.0 5 0.0 6 0.0 7 0.0 8 0.0 9 0.0 10 0.0 11 0.0 12 9.064809796796057 13 0.0 
20 1 0.0  Commodities: 0 0.0 1 0.0 2 0.0 3 0.0 4 0.0 5 0.0 6 0.0 7 0.0 8 0.0 9 0.0 10 0.0 11 0.0 12 0.0 13 0.0 
2 3 0.0  Commodities: 0 0.0 1 0.0 2 0.0 3 0.0 4 0.0 5 0.0 6 0.0 7 0.0 8 0.0 9 0.0 10 0.0 11 0.0 12 0.0 13 0.0 
3 2 0.0  Commodities: 0 0.0 1 1.8791273762877962 2 0.0 3 0.0 4 0.0 5 0.0 6 0.0 7 0.0 8 0.0 9 0.0 10 0.0 11 0.0 12 2.279167689380923 13 0.0 
2 21 0.0  Commodities: 0 0.0 1 0.0 2 0.0 3 0.0 4 0.0 5 0.0 6 0.0 7 0.0 8 0.0 9 0.0 10 0.0 11 0.0 12 0.0 13 0.0 
21 2 0.0  Commodities: 0 0.0 1 17.120872623629772 2 0.0 3 0.0 4 0.0 5 0.0 6 0.0 7 0.0 8 0.0 9 0.0 10 0.0 11 0.0 12 6.736761085577184 13 0.0 
3 4 0.0  Commodities: 0 0.0 1 0.0 2 0.0 3 0.0 4 0.0 5 0.0 6 0.0 7 0.0 8 0.0 9 0.0 10 0.0 11 9.361218232271405 12 0.0 13 0.0 
4 3 4.729797149606071  Commodities: 0 0.0 1 4.990788181198558 2 0.0 3 0.0 4 0.0 5 0.0 6 0.0 7 0.0 8 0.0 9 0.0 10 0.0 11 0.0 12 9.341202825882133 13 0.0 
3 22 0.0  Commodities: 0 0.0 1 3.111660804971769 2 0.0 3 0.0 4 0.0 5 0.0 6 0.0 7 0.0 8 0.0 9 0.0 10 0.0 11 0.0 12 7.062035136561736 13 0.0 
22 3 0.0  Commodities: 0 0.0 1 0.0 2 0.0 3 0.0 4 0.0 5 0.0 6 0.0 7 0.0 8 0.0 9 0.0 10 0.0 11 9.361218232209525 12 0.0 13 0.0 
4 5 0.4063457278882652  Commodities: 0 0.0 1 0.0 2 0.0 3 0.0 4 0.0 5 0.0 6 0.0 7 0.0 8 0.0 9 0.0 10 0.0 11 9.361218232607124 12 0.0 13 0.0 
5 4 0.0  Commodities: 0 0.0 1 5.455232560705241 2 0.0 3 0.0 4 0.0 5 0.0 6 0.0 7 0.0 8 0.0 9 0.0 10 2.1799234123740248 11 0.0 12 9.873889252579515 13 0.0 
4 23 0.0  Commodities: 0 0.0 1 0.4644443796763586 2 0.0 3 0.0 4 0.0 5 0.0 6 0.0 7 0.0 8 0.0 9 0.0 10 2.1799234124947966 11 0.0 12 0.5326864268644222 13 0.0 
23 4 0.0  Commodities: 0 0.0 1 0.0 2 0.0 3 0.0 4 0.0 5 0.0 6 0.0 7 0.0 8 0.0 9 0.0 10 0.0 11 0.0 12 0.0 13 0.0 
5 6 0.0  Commodities: 0 0.0 1 0.0 2 0.0 3 0.0 4 0.0 5 0.0 6 0.0 7 0.16306518850735055 8 0.0 9 0.0 10 0.0 11 3.777990501316793 12 0.0 13 0.0 
6 5 2.308477586370884  Commodities: 0 0.0 1 0.0 2 0.0 3 0.0 4 0.0 5 0.0 6 0.0 7 0.0 8 0.0 9 0.0 10 1.5432812957603153 11 0.0 12 7.966507190279535 13 0.0 
5 24 0.0  Commodities: 0 0.0 1 0.0 2 0.0 3 0.0 4 0.0 5 0.0 6 0.0 7 0.0 8 0.0 9 0.0 10 0.0 11 5.583227731304503 12 0.0 13 0.0 
24 5 0.0  Commodities: 0 0.0 1 5.455232560682808 2 0.0 3 0.0 4 0.0 5 0.0 6 0.0 7 0.16306518699661804 8 0.0 9 0.0 10 0.6366421166358159 11 0.0 12 1.9073820623189972 13 0.0 
6 7 0.0  Commodities: 0 0.0 1 0.0 2 0.0 3 0.0 4 0.0 5 0.0 6 0.0 7 5.128709910196659 8 0.0 9 0.0 10 0.0 11 2.090790772436948 12 0.0 13 0.0 
7 6 12.613475313401345  Commodities: 0 0.0 1 0.0 2 0.0 3 0.0 4 0.0 5 0.0 6 0.0 7 0.0 8 0.0 9 0.0 10 0.0 11 0.0 12 0.2838382416893366 13 0.39872303479093435 
6 25 1.1840759292304384  Commodities: 0 0.0 1 0.0 2 0.0 3 0.0 4 0.0 5 0.0 6 0.0 7 0.0 8 0.0 9 0.0 10 0.0 11 1.687199728984915 12 0.0 13 0.0 
25 6 2.6429972234701467  Commodities: 0 0.0 1 0.0 2 0.0 3 0.0 4 0.0 5 0.0 6 0.0 7 4.9656447218089195 8 0.0 9 0.0 10 1.5432812954242676 11 0.0 12 7.682668948680437 13 87.60127696526386 
7 8 0.0  Commodities: 0 0.0 1 0.0 2 0.0 3 0.0 4 0.0 5 0.0 6 0.0 7 5.812023615887277 8 1.722275294386742 9 6.305234757495142 10 0.0 11 2.0907907724787864 12 0.0 13 0.0 
8 7 0.0  Commodities: 0 0.0 1 0.0 2 0.0 3 0.0 4 0.0 5 0.0 6 0.0 7 0.0 8 0.0 9 0.0 10 0.0 11 0.0 12 1.834060651076172 13 0.0 
7 26 0.8211868301887435  Commodities: 0 0.0 1 0.0 2 0.0 3 0.0 4 0.0 5 0.0 6 0.0 7 0.0 8 0.0 9 0.0 10 0.0 11 0.0 12 1.5502224093789068 13 87.60127696498529 
26 7 1.423022135222837  Commodities: 0 0.0 1 0.0 2 0.0 3 0.0 4 0.0 5 0.0 6 0.0 7 0.6833137056801682 8 1.7222752939370516 9 6.305234757382545 10 0.0 11 0.0 12 0.0 13 0.0 
8 9 0.0  Commodities: 0 0.0 1 0.0 2 0.0 3 0.0 4 0.0 5 0.0 6 0.0 7 5.812023616388993 8 1.7222752948798146 9 6.305234757993744 10 0.0 11 0.4210516283631224 12 0.0 13 0.0 
9 8 0.0  Commodities: 0 0.0 1 0.0 2 0.0 3 0.0 4 0.0 5 0.0 6 10.227962679896452 7 0.0 8 0.0 9 0.0 10 0.0 11 0.0 12 15.002779269493363 13 0.0 
8 27 0.0  Commodities: 0 0.0 1 0.0 2 0.0 3 0.0 4 0.0 5 0.0 6 10.227962679708432 7 0.0 8 0.0 9 0.0 10 0.0 11 1.6697391442735152 12 13.16871861844783 13 0.0 
27 8 0.0  Commodities: 0 0.0 1 0.0 2 0.0 3 0.0 4 0.0 5 0.0 6 0.0 7 0.0 8 0.0 9 0.0 10 0.0 11 0.0 12 0.0 13 0.0 
9 10 0.0  Commodities: 0 0.0 1 0.0 2 0.0 3 0.0 4 0.23053325341886538 5 0.0 6 0.0 7 4.322151125615287 8 1.4667397903910517 9 5.8730950840305995 10 0.0 11 0.0 12 0.0 13 0.0 
10 9 0.0  Commodities: 0 0.0 1 0.0 2 0.0 3 0.0 4 0.0 5 0.0 6 10.227962679829531 7 0.0 8 0.0 9 0.0 10 0.0 11 0.0 12 15.002779269425925 13 0.0 
9 28 0.0  Commodities: 0 0.0 1 0.0 2 0.0 3 0.0 4 0.0 5 0.0 6 0.0 7 1.4898724908732457 8 0.2555355045918031 9 0.43213967406369297 10 0.0 11 0.4210516282992314 12 0.0 13 0.0 
28 9 0.0  Commodities: 0 0.0 1 0.0 2 0.0 3 0.0 4 0.23053325331707475 5 0.0 6 0.0 7 0.0 8 0.0 9 0.0 10 0.0 11 0.0 12 0.0 13 0.0 
10 11 5.32419593507521  Commodities: 0 0.0 1 0.0 2 0.0 3 0.0 4 0.0 5 0.0 6 0.0 7 4.322151125506218 8 1.4667397903004202 9 5.873095083932037 10 0.0 11 0.0 12 0.0 13 0.0 
11 10 0.0  Commodities: 0 0.0 1 0.0 2 10.33720210351386 3 0.0 4 0.0 5 0.0 6 0.0 7 0.0 8 0.0 9 0.0 10 0.0 11 0.0 12 13.200093481539225 13 0.0 
10 29 0.0  Commodities: 0 0.0 1 0.0 2 10.337202102875777 3 0.0 4 0.0 5 0.0 6 0.0 7 0.0 8 0.0 9 0.0 10 0.0 11 0.0 12 0.0 13 0.0 
29 10 0.0  Commodities: 0 0.0 1 0.0 2 0.0 3 0.0 4 15.769466746459662 5 0.0 6 10.227962674503733 7 0.0 8 0.0 9 0.0 10 0.0 11 0.0 12 1.8026857879130844 13 0.0 
11 12 0.0  Commodities: 0 0.0 1 0.0 2 0.0 3 0.0 4 0.0 5 0.0 6 0.0 7 4.750153704890747 8 32.05544610038304 9 9.163714487649514 10 0.0 11 0.0 12 0.0 13 0.0 
12 11 13.290986317817016  Commodities: 0 0.0 1 0.0 2 0.0 3 0.0 4 0.0 5 0.0 6 0.0 7 0.0 8 0.0 9 0.0 10 0.0 11 0.0 12 13.20009347885924 13 0.0 
11 30 0.12199508477803533  Commodities: 0 0.0 1 0.0 2 37.66279789582406 3 0.0 4 0.0 5 0.0 6 0.0 7 0.0 8 0.0 9 0.0 10 0.0 11 0.0 12 0.0 13 0.0 
30 11 2.1422567869927853  Commodities: 0 0.0 1 0.0 2 0.0 3 0.0 4 0.0 5 0.0 6 0.0 7 0.42800257942814923 8 30.5887063101231 9 3.290619403759751 10 0.0 11 0.0 12 0.0 13 0.0 
12 13 0.0  Commodities: 0 0.0 1 0.0 2 0.0 3 0.0 4 0.0 5 0.0 6 0.0 7 0.0 8 31.67817654864851 9 8.792797985023384 10 0.0 11 0.0 12 0.0 13 0.0 
13 12 0.0  Commodities: 0 0.0 1 0.0 2 0.0 3 0.0 4 0.0 5 0.0 6 0.0 7 0.0 8 0.0 9 0.0 10 0.0 11 0.0 12 13.200093478775884 13 0.0 
12 31 0.0  Commodities: 0 0.0 1 0.0 2 0.0 3 0.0 4 0.0 5 0.0 6 0.0 7 4.750153704249532 8 0.3772695518670561 9 0.37091650275961363 10 0.0 11 0.0 12 0.0 13 0.0 
31 12 0.0  Commodities: 0 0.0 1 0.0 2 0.0 3 0.0 4 0.0 5 0.0 6 0.0 7 0.0 8 0.0 9 0.0 10 0.0 11 0.0 12 0.0 13 0.0 
13 14 7.8507424001644495  Commodities: 0 0.0 1 0.0 2 0.0 3 0.0 4 0.0 5 0.0 6 0.0 7 0.0 8 1.8129665158895394 9 5.129816280605796 10 0.0 11 0.0 12 0.0 13 0.0 
14 13 0.0  Commodities: 0 0.0 1 0.0 2 0.0 3 0.0 4 0.0 5 0.0 6 0.0 7 0.0 8 0.0 9 0.0 10 0.0 11 0.0 12 13.550945501361577 13 0.0 
13 32 0.0  Commodities: 0 0.0 1 0.0 2 0.0 3 0.0 4 0.0 5 0.0 6 0.0 7 0.0 8 29.86521003307782 9 3.662981704739774 10 0.0 11 0.0 12 0.35085202292971496 13 0.0 
32 13 0.0  Commodities: 0 0.0 1 0.0 2 0.0 3 0.0 4 0.0 5 0.0 6 0.0 7 0.0 8 0.0 9 0.0 10 0.0 11 0.0 12 0.0 13 0.0 
14 15 0.0  Commodities: 0 0.0 1 0.0 2 0.0 3 0.0 4 0.0 5 1.0421213657982724 6 0.0 7 0.0 8 2.3590839683614333 9 6.568123424747698 10 0.0 11 0.0 12 0.0 13 0.0 
15 14 0.0  Commodities: 0 0.0 1 0.0 2 0.0 3 0.0 4 0.0 5 0.0 6 0.0 7 0.0 8 0.0 9 0.0 10 0.0 11 0.0 12 4.970779031405325 13 0.0 
14 33 0.0  Commodities: 0 0.0 1 0.0 2 0.0 3 0.0 4 0.0 5 0.0 6 0.0 7 0.0 8 0.0 9 0.0 10 0.0 11 0.0 12 0.0 13 0.0 
33 14 0.0  Commodities: 0 0.0 1 0.0 2 0.0 3 0.0 4 0.0 5 1.0421213659867334 6 0.0 7 0.0 8 0.5461174526637352 9 1.4383071443281426 10 0.0 11 0.0 12 8.58016647012109 13 0.0 
15 16 0.0  Commodities: 0 10.899871510707895 1 0.0 2 0.0 3 0.0 4 0.0 5 1.697327286029601 6 0.0 7 0.0 8 2.901173804970479 9 0.0 10 0.0 11 0.0 12 0.0 13 0.0 
16 15 0.0  Commodities: 0 0.0 1 0.0 2 0.0 3 0.0 4 0.0 5 0.0 6 0.0 7 0.0 8 0.0 9 0.0 10 0.0 11 0.0 12 0.0 13 0.0 
15 34 0.0  Commodities: 0 0.0 1 0.0 2 0.0 3 0.0 4 0.0 5 0.0 6 0.0 7 0.0 8 0.0 9 0.0 10 0.0 11 0.0 12 0.0 13 0.0 
34 15 2.6768491150600937  Commodities: 0 10.89987151030871 1 0.0 2 0.0 3 0.0 4 0.0 5 0.6552059204540734 6 0.0 7 0.0 8 0.5420898368526069 9 4.431876575548397 10 0.0 11 0.0 12 4.970779032352446 13 0.0 
16 17 0.0  Commodities: 0 13.455582462780745 1 0.0 2 0.0 3 0.0 4 0.0 5 0.0 6 0.0 7 0.0 8 1.4972864598055184 9 0.0 10 0.0 11 0.0 12 0.0 13 0.0 
17 16 0.0  Commodities: 0 0.0 1 0.0 2 0.0 3 0.0 4 0.0 5 0.0 6 0.0 7 0.0 8 0.0 9 0.0 10 0.0 11 0.0 12 0.0 13 0.0 
16 35 0.0  Commodities: 0 0.0 1 0.0 2 0.0 3 0.0 4 0.0 5 1.6973272853080965 6 0.0 7 0.0 8 1.4038873455195562 9 0.0 10 0.0 11 0.0 12 0.0 13 0.0 
35 16 4.976935001380383  Commodities: 0 2.5557109520030368 1 0.0 2 0.0 3 0.0 4 0.0 5 0.0 6 0.0 7 0.0 8 0.0 9 0.0 10 0.0 11 0.0 12 0.0 13 0.0 
17 18 0.0  Commodities: 0 0.0 1 0.0 2 0.0 3 0.0 4 0.0 5 0.0 6 0.0 7 0.0 8 0.4725818359866761 9 0.0 10 0.0 11 0.0 12 0.0 13 0.0 
18 17 0.0  Commodities: 0 3.565652096512784 1 0.0 2 0.0 3 0.0 4 0.0 5 0.0 6 0.0 7 0.0 8 0.0 9 0.0 10 0.0 11 0.0 12 0.0 13 0.0 
17 36 0.7678218395650447  Commodities: 0 0.0 1 0.0 2 0.0 3 0.0 4 0.0 5 0.0 6 0.0 7 0.0 8 1.024704623846739 9 0.0 10 0.0 11 0.0 12 0.0 13 0.0 
36 17 0.0  Commodities: 0 53.97876544134927 1 0.0 2 0.0 3 0.0 4 0.0 5 0.0 6 0.0 7 0.0 8 0.0 9 0.0 10 0.0 11 0.0 12 0.0 13 0.0 
18 37 0.0  Commodities: 0 0.0 1 0.0 2 0.0 3 0.0 4 0.0 5 0.0 6 0.0 7 0.0 8 0.47258183606013837 9 0.0 10 0.0 11 0.0 12 0.0 13 0.0 
37 18 0.0  Commodities: 0 3.565652096604906 1 0.0 2 0.0 3 0.0 4 0.0 5 0.0 6 0.0 7 0.0 8 0.0 9 0.0 10 0.0 11 0.0 12 0.0 13 0.0 
19 20 0.0  Commodities: 0 0.0 1 0.0 2 0.0 3 0.0 4 0.0 5 0.0 6 0.0 7 0.0 8 0.0 9 0.0 10 0.0 11 0.0 12 15.898061235885892 13 0.0 
20 19 0.0  Commodities: 0 0.0 1 0.0 2 0.0 3 0.0 4 0.0 5 0.0 6 0.0 7 0.0 8 0.0 9 0.0 10 0.0 11 0.0 12 0.0 13 0.0 
19 38 0.0  Commodities: 0 0.0 1 0.0 2 0.0 3 0.0 4 0.0 5 0.0 6 0.0 7 0.0 8 0.0 9 0.0 10 0.0 11 0.0 12 0.0 13 0.0 
38 19 0.0  Commodities: 0 0.0 1 0.0 2 0.0 3 0.0 4 0.0 5 0.0 6 0.0 7 0.0 8 0.0 9 0.0 10 0.0 11 0.0 12 15.946942257298895 13 0.0 
20 21 0.0  Commodities: 0 0.0 1 0.0 2 0.0 3 0.0 4 0.0 5 0.0 6 0.0 7 0.0 8 0.0 9 0.0 10 0.0 11 0.0 12 0.0 13 0.0 
21 20 16.148720098569356  Commodities: 0 0.0 1 0.0 2 0.0 3 0.0 4 0.0 5 0.0 6 0.0 7 0.0 8 0.0 9 0.0 10 0.0 11 0.0 12 13.474882527461768 13 0.0 
20 39 0.0  Commodities: 0 0.0 1 0.0 2 0.0 3 0.0 4 0.0 5 0.0 6 0.0 7 0.0 8 0.0 9 0.0 10 0.0 11 0.0 12 0.0 13 0.0 
39 20 4.779771631846074  Commodities: 0 0.0 1 0.0 2 0.0 3 0.0 4 0.0 5 0.0 6 0.0 7 0.0 8 0.0 9 0.0 10 0.0 11 0.0 12 5.562246440712924 13 0.0 
21 22 0.0  Commodities: 0 0.0 1 0.0 2 0.0 3 0.0 4 0.0 5 0.0 6 0.0 7 0.0 8 0.0 9 0.0 10 0.0 11 0.0 12 0.0 13 0.0 
22 21 0.032229541108591775  Commodities: 0 0.0 1 17.12087261957244 2 0.0 3 0.0 4 0.0 5 0.0 6 0.0 7 0.0 8 0.0 9 0.0 10 0.0 11 16.570171204573 12 20.211643612922074 13 0.0 
21 40 2.0233014573937567  Commodities: 0 0.0 1 0.0 2 0.0 3 0.0 4 0.0 5 0.0 6 0.0 7 0.0 8 0.0 9 0.0 10 0.0 11 16.570171204430103 12 0.0 13 0.0 
40 21 0.0  Commodities: 0 0.0 1 0.0 2 0.0 3 0.0 4 0.0 5 0.0 6 0.0 7 0.0 8 0.0 9 0.0 10 0.0 11 0.0 12 0.0 13 0.0 
22 23 2.846969239257575  Commodities: 0 0.0 1 0.0 2 0.0 3 0.0 4 0.0 5 0.0 6 0.0 7 0.0 8 0.0 9 0.0 10 0.0 11 8.527580614250466 12 0.0 13 0.0 
23 22 0.0  Commodities: 0 0.0 1 14.009211814572062 2 0.0 3 0.0 4 0.0 5 0.0 6 0.0 7 0.0 8 0.0 9 0.0 10 0.0 11 0.0 12 13.149608476387517 13 0.0 
22 41 0.0  Commodities: 0 0.0 1 0.0 2 0.0 3 0.0 4 0.0 5 0.0 6 0.0 7 0.0 8 0.0 9 0.0 10 0.0 11 5.541029949370877 12 0.0 13 0.0 
41 22 0.0  Commodities: 0 0.0 1 0.0 2 0.0 3 0.0 4 0.0 5 0.0 6 0.0 7 0.0 8 0.0 9 0.0 10 0.0 11 0.0 12 0.0 13 0.0 
23 24 2.9468920318820864  Commodities: 0 0.0 1 0.0 2 0.0 3 0.0 4 0.0 5 0.0 6 0.0 7 0.0 8 0.0 9 0.0 10 0.0 11 4.304331122006273 12 0.0 13 0.0 
24 23 5.623829524952811  Commodities: 0 0.0 1 13.544767436184697 2 0.0 3 0.0 4 0.0 5 0.0 6 0.0 7 0.0 8 0.0 9 0.0 10 21.023400836466305 11 0.0 12 12.917625148135091 13 0.0 
23 42 0.0  Commodities: 0 0.0 1 0.0 2 0.0 3 0.0 4 0.0 5 0.0 6 0.0 7 0.0 8 0.0 9 0.0 10 23.20332424900572 11 4.223249492004766 12 0.3007030985777161 13 0.0 
42 23 0.0  Commodities: 0 0.0 1 0.0 2 0.0 3 0.0 4 0.0 5 0.0 6 0.0 7 0.0 8 0.0 9 0.0 10 0.0 11 0.0 12 0.0 13 0.0 
24 25 0.0  Commodities: 0 0.0 1 0.0 2 0.0 3 0.0 4 0.0 5 0.0 6 0.0 7 23.02300918258142 8 0.0 9 0.0 10 0.0 11 9.887558853224263 12 0.0 13 0.0 
25 24 0.0  Commodities: 0 0.0 1 0.0 2 0.0 3 0.0 4 0.0 5 0.0 6 0.0 7 0.0 8 0.0 9 0.0 10 22.53000520916886 11 0.0 12 15.369355457346728 13 0.0 
24 43 0.0  Commodities: 0 0.0 1 0.0 2 0.0 3 0.0 4 0.0 5 0.0 6 0.0 7 0.0 8 0.0 9 0.0 10 0.8699622562461151 11 0.0 12 0.5443482470606388 13 0.0 
43 24 0.0  Commodities: 0 0.0 1 0.0 2 0.0 3 0.0 4 0.0 5 0.0 6 0.0 7 23.186074369457568 8 0.0 9 0.0 10 0.0 11 0.0 12 0.0 13 0.0 
25 26 1.4174750648149814  Commodities: 0 0.0 1 0.0 2 0.0 3 0.0 4 0.0 5 0.0 6 0.0 7 18.057364460867806 8 0.0 9 0.0 10 0.0 11 9.554688938008074 12 0.0 13 0.0 
26 25 0.0  Commodities: 0 0.0 1 0.0 2 0.0 3 0.0 4 0.0 5 0.0 6 0.0 7 0.0 8 0.0 9 0.0 10 13.685404885179578 11 0.0 12 23.05202440599486 13 87.6012769650439 
25 44 0.0  Commodities: 0 0.0 1 0.0 2 0.0 3 0.0 4 0.0 5 0.0 6 0.0 7 0.0 8 0.0 9 0.0 10 0.0 11 2.02006964415531 12 0.0 13 0.0 
44 25 1.9729444406254544  Commodities: 0 0.0 1 0.0 2 0.0 3 0.0 4 0.0 5 0.0 6 0.0 7 0.0 8 0.0 9 0.0 10 10.387881619380856 11 0.0 12 0.0 13 0.0 
26 27 5.4386944935963655  Commodities: 0 0.0 1 0.0 2 0.0 3 0.0 4 0.0 5 0.0 6 0.0 7 17.374050755411172 8 0.6037675811897568 9 4.694765242009261 10 0.0 11 0.0 12 0.0 13 0.0 
27 26 0.0  Commodities: 0 0.0 1 0.0 2 0.0 3 0.0 4 0.0 5 0.0 6 0.0 7 0.0 8 0.0 9 0.0 10 4.493228080949185 11 0.0 12 23.4530924955848 13 0.0 
26 45 0.0  Commodities: 0 0.0 1 0.0 2 0.0 3 0.0 4 0.0 5 0.0 6 0.0 7 0.0 8 0.0 9 0.0 10 0.0 11 9.55468893700202 12 1.9512904990063153 13 0.0 
45 26 0.0  Commodities: 0 0.0 1 0.0 2 0.0 3 0.0 4 0.0 5 0.0 6 0.0 7 0.0 8 2.3260428749483895 9 0.0 10 9.192176803869268 11 0.0 12 0.0 13 0.0 
27 28 0.5231984039818425  Commodities: 0 0.0 1 0.0 2 0.0 3 0.0 4 0.0 5 0.0 6 0.0 7 17.374050755101468 8 0.6037675821191403 9 4.69476524152605 10 0.0 11 0.0 12 0.0 13 0.0 
28 27 2.6272185540486035  Commodities: 0 0.0 1 0.0 2 0.0 3 0.0 4 0.0 5 0.0 6 20.530631465215173 7 0.0 8 0.0 9 0.0 10 0.0 11 0.0 12 10.284373877743636 13 0.0 
27 46 5.386694302176622  Commodities: 0 0.0 1 0.0 2 0.0 3 0.0 4 0.0 5 0.0 6 30.75859414483963 7 0.0 8 0.0 9 0.0 10 0.0 11 1.669739145321251 12 0.0 13 0.0 
46 27 0.0  Commodities: 0 0.0 1 0.0 2 0.0 3 0.0 4 0.0 5 0.0 6 0.0 7 0.0 8 0.0 9 0.0 10 4.493228080233466 11 0.0 12 0.0 13 0.0 
28 29 0.0  Commodities: 0 0.0 1 0.0 2 0.0 3 0.0 4 0.0 5 0.0 6 0.0 7 18.863923244961537 8 31.56639994166175 9 5.126904914979352 10 0.0 11 0.0 12 0.0 13 0.0 
29 28 8.431016548064362  Commodities: 0 0.0 1 0.0 2 0.0 3 0.0 4 0.0 5 0.0 6 7.251657057344154 7 0.0 8 0.0 9 0.0 10 0.0 11 0.0 12 2.164808851731527 13 0.0 
28 47 0.0  Commodities: 0 0.0 1 0.0 2 0.0 3 0.0 4 0.0 5 0.0 6 0.0 7 0.0 8 0.0 9 0.0 10 0.0 11 0.42105162825528225 12 0.0 13 0.0 
47 28 0.0  Commodities: 0 0.0 1 0.0 2 0.0 3 0.0 4 0.23053325366257313 5 0.0 6 13.27897440810283 7 0.0 8 30.707096855397975 9 0.0 10 0.0 11 0.0 12 8.119565026248868 13 0.0 
29 30 2.235335190697711  Commodities: 0 0.0 1 0.0 2 0.0 3 0.0 4 0.0 5 0.0 6 0.0 7 12.030872657698948 8 31.566399941656226 9 5.12690491470842 10 0.0 11 0.0 12 0.0 13 0.0 
30 29 0.6357733052127514  Commodities: 0 0.0 1 0.0 2 4.166890644895126 3 0.0 4 0.0 5 0.0 6 21.659424817259342 7 0.0 8 0.0 9 0.0 10 0.0 11 0.0 12 6.267292188293228 13 0.0 
29 48 4.994069371780498  Commodities: 0 0.0 1 0.0 2 14.504092747851786 3 0.0 4 0.0 5 0.0 6 4.1798050855534665 7 6.83305058738864 8 0.0 9 0.0 10 0.0 11 0.0 12 2.2997975487928057 13 0.0 
48 29 3.385444057709446  Commodities: 0 0.0 1 0.0 2 0.0 3 0.0 4 15.769466746060226 5 0.0 6 0.0 7 0.0 8 0.0 9 0.0 10 0.0 11 0.0 12 0.0 13 0.0 
30 31 0.0  Commodities: 0 0.0 1 0.0 2 0.0 3 0.0 4 0.0 5 0.0 6 0.0 7 5.185165172462524 8 5.969612254463668 9 1.8362855110578564 10 0.0 11 0.0 12 0.0 13 0.0 
31 30 0.0  Commodities: 0 0.0 1 0.0 2 0.0 3 0.0 4 0.0 5 0.0 6 0.0 7 0.0 8 0.0 9 0.0 10 0.0 11 0.0 12 11.503130223265142 13 0.0 
30 49 1.5531021190291696  Commodities: 0 0.0 1 0.0 2 33.49590725119313 3 0.0 4 0.0 5 0.0 6 46.340575177485476 7 6.41770490603537 8 0.0 9 0.0 10 0.0 11 0.0 12 5.23583803242694 13 0.0 
49 30 0.0  Commodities: 0 0.0 1 0.0 2 0.0 3 0.0 4 0.0 5 0.0 6 0.0 7 0.0 8 4.9919186230285755 9 0.0 10 0.0 11 0.0 12 0.0 13 0.0 
31 32 1.0225884938823526  Commodities: 0 0.0 1 0.0 2 0.0 3 0.0 4 0.0 5 0.0 6 0.0 7 0.0 8 6.346881806361397 9 2.2072020137824335 10 0.0 11 0.0 12 0.0 13 0.0 
32 31 3.7445597633856664  Commodities: 0 0.0 1 0.0 2 0.0 3 0.0 4 0.0 5 0.0 6 0.0 7 0.0 8 0.0 9 0.0 10 0.0 11 0.0 12 11.503130223462886 13 0.0 
31 50 13.167439618607006  Commodities: 0 0.0 1 0.0 2 0.0 3 0.0 4 0.0 5 0.0 6 0.0 7 9.935318876386358 8 0.0 9 0.0 10 0.0 11 0.0 12 0.0 13 0.0 
50 31 0.0  Commodities: 0 0.0 1 0.0 2 0.0 3 0.0 4 0.0 5 0.0 6 0.0 7 0.0 8 0.0 9 0.0 10 0.0 11 0.0 12 0.0 13 0.0 
32 33 5.1230159234256405  Commodities: 0 0.0 1 0.0 2 0.0 3 0.0 4 0.0 5 0.0 6 0.0 7 0.0 8 6.75904708926774 9 1.383946063814645 10 0.0 11 0.0 12 0.0 13 0.0 
33 32 0.9772966720413621  Commodities: 0 0.0 1 0.0 2 0.0 3 0.0 4 0.0 5 0.0 6 0.0 7 0.0 8 0.0 9 0.0 10 0.0 11 0.0 12 11.152278200724762 13 0.0 
32 51 2.5145372963353623  Commodities: 0 0.0 1 0.0 2 0.0 3 0.0 4 0.0 5 0.0 6 0.0 7 0.0 8 29.453044749933593 9 4.4862376544663745 10 0.0 11 0.0 12 0.0 13 0.0 
51 32 0.0  Commodities: 0 0.0 1 0.0 2 0.0 3 0.0 4 0.0 5 0.0 6 0.0 7 0.0 8 0.0 9 0.0 10 0.0 11 0.0 12 0.0 13 0.0 
33 34 0.0  Commodities: 0 0.0 1 0.0 2 0.0 3 0.0 4 0.0 5 65.9578786338764 6 0.0 7 0.0 8 28.941813663453186 9 4.431876575015474 10 0.0 11 0.0 12 0.0 13 0.0 
34 33 2.171052936361761  Commodities: 0 0.0 1 0.0 2 0.0 3 0.0 4 0.0 5 0.0 6 0.0 7 0.0 8 0.0 9 0.0 10 0.0 11 0.0 12 30.90805532644254 13 0.0 
33 52 0.5703955742031468  Commodities: 0 0.0 1 0.0 2 0.0 3 0.0 4 0.0 5 0.0 6 0.0 7 0.0 8 0.0 9 0.0 10 0.0 11 0.0 12 11.175610656037524 13 0.0 
52 33 0.0  Commodities: 0 0.0 1 0.0 2 0.0 3 0.0 4 0.0 5 0.0 6 0.0 7 0.0 8 22.72888402692917 9 4.486237655620681 10 0.0 11 0.0 12 0.0 13 0.0 
34 35 9.63645149243638  Commodities: 0 0.0 1 0.0 2 0.0 3 0.0 4 0.0 5 65.30267271354307 6 0.0 7 0.0 8 4.125374934534376 9 0.0 10 0.0 11 0.0 12 0.0 13 0.0 
35 34 0.0  Commodities: 0 0.0 1 0.0 2 0.0 3 0.0 4 0.0 5 0.0 6 0.0 7 0.0 8 0.0 9 0.0 10 0.0 11 0.0 12 0.0 13 0.0 
34 53 0.0  Commodities: 0 0.0 1 0.0 2 0.0 3 0.0 4 0.0 5 0.0 6 0.0 7 0.0 8 24.27434889244945 9 0.0 10 0.0 11 0.0 12 8.121165641422536 13 0.0 
53 34 0.0  Commodities: 0 10.899871509823983 1 0.0 2 0.0 3 0.0 4 0.0 5 0.0 6 0.0 7 0.0 8 0.0 9 0.0 10 0.0 11 0.0 12 0.0 13 0.0 
35 36 3.2744302190079253  Commodities: 0 29.743918043037763 1 0.0 2 0.0 3 0.0 4 0.0 5 0.0 6 0.0 7 0.0 8 0.0 9 0.0 10 0.0 11 0.0 12 0.0 13 0.0 
36 35 0.0  Commodities: 0 0.0 1 0.0 2 0.0 3 0.0 4 0.0 5 0.0 6 0.0 7 0.0 8 0.0 9 0.0 10 0.0 11 0.0 12 0.0 13 0.0 
35 54 0.0  Commodities: 0 0.0 1 0.0 2 0.0 3 0.0 4 0.0 5 0.0 6 0.0 7 0.0 8 5.529262279450861 9 0.0 10 0.0 11 0.0 12 0.0 13 0.0 
54 35 0.0  Commodities: 0 32.29962899484558 1 0.0 2 0.0 3 0.0 4 0.0 5 0.0 6 0.0 7 0.0 8 0.0 9 0.0 10 0.0 11 0.0 12 0.0 13 0.0 
36 37 0.0  Commodities: 0 0.0 1 0.0 2 0.0 3 0.0 4 0.0 5 0.0 6 0.0 7 0.0 8 0.0 9 0.0 10 0.0 11 0.0 12 0.0 13 0.0 
37 36 1.6793880506074004  Commodities: 0 1.444401979606031 1 0.0 2 0.0 3 0.0 4 0.0 5 0.0 6 0.0 7 0.0 8 0.0 9 0.0 10 0.0 11 0.0 12 0.0 13 0.0 
36 55 0.08910617650332142  Commodities: 0 0.0 1 0.0 2 0.0 3 0.0 4 0.0 5 0.0 6 0.0 7 0.0 8 1.0247046219016096 9 0.0 10 0.0 11 0.0 12 0.0 13 0.0 
55 36 0.0  Commodities: 0 22.790445419329295 1 0.0 2 0.0 3 0.0 4 0.0 5 0.0 6 0.0 7 0.0 8 0.0 9 0.0 10 0.0 11 0.0 12 0.0 13 0.0 
37 56 0.0  Commodities: 0 0.0 1 0.0 2 0.0 3 0.0 4 0.0 5 0.0 6 0.0 7 0.0 8 0.47258183833671075 9 0.0 10 0.0 11 0.0 12 0.0 13 0.0 
56 37 0.0  Commodities: 0 5.01005407561206 1 0.0 2 0.0 3 0.0 4 0.0 5 0.0 6 0.0 7 0.0 8 0.0 9 0.0 10 0.0 11 0.0 12 0.0 13 0.0 
38 39 0.0  Commodities: 0 0.0 1 0.0 2 0.0 3 0.0 4 0.0 5 0.0 6 0.0 7 0.0 8 0.0 9 0.0 10 0.0 11 0.0 12 0.0 13 0.0 
39 38 0.0  Commodities: 0 0.0 1 0.0 2 0.0 3 0.0 4 0.0 5 0.0 6 0.0 7 0.0 8 0.0 9 0.0 10 0.0 11 0.0 12 9.338056379754349 13 0.0 
38 57 0.0  Commodities: 0 0.0 1 0.0 2 0.0 3 0.0 4 0.0 5 0.0 6 0.0 7 0.0 8 0.0 9 0.0 10 0.0 11 0.0 12 0.0 13 0.0 
57 38 0.4296290906109448  Commodities: 0 0.0 1 0.0 2 0.0 3 0.0 4 0.0 5 0.0 6 0.0 7 0.0 8 0.0 9 0.0 10 0.0 11 0.0 12 6.608885878182327 13 0.0 
39 40 0.0  Commodities: 0 0.0 1 0.0 2 0.0 3 0.0 4 0.0 5 0.0 6 0.0 7 0.0 8 0.0 9 0.0 10 0.0 11 0.0 12 0.0 13 0.0 
40 39 0.0  Commodities: 0 0.0 1 0.0 2 0.0 3 0.0 4 0.0 5 0.0 6 0.0 7 0.0 8 0.0 9 0.0 10 0.0 11 0.0 12 0.8450513452645211 13 0.0 
39 58 0.0  Commodities: 0 0.0 1 0.0 2 0.0 3 0.0 4 0.0 5 0.0 6 0.0 7 0.0 8 0.0 9 0.0 10 0.0 11 0.0 12 0.0 13 0.0 
58 39 0.0  Commodities: 0 0.0 1 0.0 2 0.0 3 0.0 4 0.0 5 0.0 6 0.0 7 0.0 8 0.0 9 0.0 10 0.0 11 0.0 12 14.055251475183638 13 0.0 
40 41 0.0  Commodities: 0 0.0 1 0.0 2 0.0 3 0.0 4 0.0 5 0.0 6 0.0 7 0.0 8 0.0 9 0.0 10 0.0 11 5.012222977224278 12 0.0 13 0.0 
41 40 1.3658282302399698  Commodities: 0 0.0 1 0.0 2 0.0 3 0.0 4 0.0 5 0.0 6 0.0 7 0.0 8 0.0 9 0.0 10 0.0 11 0.0 12 0.8450513445909092 13 0.0 
40 59 0.0  Commodities: 0 0.0 1 0.0 2 0.0 3 0.0 4 0.0 5 0.0 6 0.0 7 0.0 8 0.0 9 0.0 10 0.0 11 11.557948226147586 12 0.0 13 0.0 
59 40 0.0  Commodities: 0 0.0 1 0.0 2 0.0 3 0.0 4 0.0 5 0.0 6 0.0 7 0.0 8 0.0 9 0.0 10 0.0 11 0.0 12 0.0 13 0.0 
41 42 1.4650849476090997  Commodities: 0 0.0 1 0.0 2 0.0 3 0.0 4 0.0 5 0.0 6 0.0 7 0.0 8 0.0 9 0.0 10 6.47656146447592 11 0.0 12 0.0 13 0.0 
42 41 0.0  Commodities: 0 0.0 1 0.0 2 0.0 3 0.0 4 0.0 5 0.0 6 0.0 7 0.0 8 0.0 9 0.0 10 0.0 11 0.0 12 0.8450513452372055 13 0.0 
41 60 6.894865736841879  Commodities: 0 0.0 1 0.0 2 0.0 3 0.0 4 0.0 5 0.0 6 0.0 7 0.0 8 0.0 9 0.0 10 0.0 11 10.553252926455787 12 0.0 13 0.0 
60 41 0.0  Commodities: 0 0.0 1 0.0 2 0.0 3 0.0 4 0.0 5 0.0 6 0.0 7 0.0 8 0.0 9 0.0 10 6.476561463556237 11 0.0 12 0.0 13 0.0 
42 43 0.0  Commodities: 0 0.0 1 0.0 2 0.0 3 0.0 4 0.0 5 0.0 6 0.0 7 0.0 8 0.0 9 0.0 10 0.0 11 2.324800789985516 12 0.0 13 0.0 
43 42 12.17925123767435  Commodities: 0 0.0 1 0.0 2 0.0 3 0.0 4 0.0 5 0.0 6 0.0 7 0.0 8 0.0 9 0.0 10 10.64369571937204 11 0.0 12 0.5443482467762534 13 0.0 
42 61 0.8342898947039714  Commodities: 0 0.0 1 0.0 2 0.0 3 0.0 4 0.0 5 0.0 6 0.0 7 0.0 8 0.0 9 0.0 10 0.0 11 1.898448702153329 12 0.0 13 0.0 
61 42 11.36134288805546  Commodities: 0 0.0 1 0.0 2 0.0 3 0.0 4 0.0 5 0.0 6 0.0 7 0.0 8 0.0 9 0.0 10 12.67641856747736 11 0.0 12 0.0 13 0.0 
43 44 4.208669092629044  Commodities: 0 0.0 1 0.0 2 0.0 3 0.0 4 0.0 5 0.0 6 0.0 7 11.540089421401872 8 0.0 9 0.0 10 0.0 11 2.324800789472366 12 0.0 13 0.0 
44 43 3.7270966068630855  Commodities: 0 0.0 1 0.0 2 0.0 3 0.0 4 0.0 5 0.0 6 0.0 7 0.0 8 0.0 9 0.0 10 4.845686715841322 11 0.0 12 0.0 13 0.0 
43 62 0.0  Commodities: 0 0.0 1 0.0 2 0.0 3 0.0 4 0.0 5 0.0 6 0.0 7 0.0 8 0.0 9 0.0 10 0.0 11 0.0 12 0.0 13 0.0 
62 43 0.0  Commodities: 0 0.0 1 0.0 2 0.0 3 0.0 4 0.0 5 0.0 6 0.0 7 34.726163790956484 8 0.0 9 0.0 10 4.928046747384747 11 0.0 12 0.0 13 0.0 
44 45 2.8532056873265645  Commodities: 0 0.0 1 0.0 2 0.0 3 0.0 4 0.0 5 0.0 6 0.0 7 11.540089421635082 8 0.8609765047587118 9 0.0 10 0.0 11 3.531828924520193 12 0.0 13 0.0 
45 44 2.226895110367593  Commodities: 0 0.0 1 0.0 2 0.0 3 0.0 4 0.0 5 0.0 6 0.0 7 0.0 8 0.0 9 0.0 10 15.233568337693622 11 0.0 12 9.539433223103837 13 0.0 
44 63 0.0  Commodities: 0 0.0 1 0.0 2 0.0 3 0.0 4 0.0 5 0.0 6 0.0 7 0.0 8 0.0 9 0.0 10 0.0 11 0.8130415091822485 12 9.539433223068668 13 0.0 
63 44 7.452567186673193  Commodities: 0 0.0 1 0.0 2 0.0 3 0.0 4 0.0 5 0.0 6 0.0 7 0.0 8 0.860976505111776 9 0.0 10 0.0 11 0.0 12 0.0 13 0.0 
45 46 2.872005235955676  Commodities: 0 0.0 1 0.0 2 0.0 3 0.0 4 0.0 5 0.0 6 0.0 7 11.540089421640257 8 20.265477861859182 9 0.0 10 0.0 11 4.97762695940123 12 0.0 13 0.0 
46 45 5.6324392773375775  Commodities: 0 0.0 1 0.0 2 0.0 3 0.0 4 0.0 5 0.0 6 0.0 7 0.0 8 0.0 9 0.0 10 11.65800590202053 11 0.0 12 7.588142721775497 13 0.0 
45 64 0.6553079595209184  Commodities: 0 0.0 1 0.0 2 0.0 3 0.0 4 0.0 5 0.0 6 0.0 7 0.0 8 0.0 9 0.0 10 0.0 11 8.108890902088351 12 0.0 13 0.0 
64 45 2.6043537740750367  Commodities: 0 0.0 1 0.0 2 0.0 3 0.0 4 0.0 5 0.0 6 0.0 7 0.0 8 21.73054423207615 9 0.0 10 12.767739239510934 11 0.0 12 0.0 13 0.0 
46 47 0.0  Commodities: 0 0.0 1 0.0 2 0.0 3 0.0 4 0.0 5 0.0 6 0.0 7 11.540089421676978 8 24.97440097292512 9 0.0 10 0.0 11 0.0 12 0.0 13 0.0 
47 46 12.02037787028399  Commodities: 0 0.0 1 0.0 2 0.0 3 0.0 4 0.0 5 0.0 6 21.738969800899408 7 0.0 8 0.0 9 0.0 10 0.0 11 0.0 12 0.0 13 0.0 
46 65 5.375651686170599  Commodities: 0 0.0 1 0.0 2 0.0 3 0.0 4 0.0 5 0.0 6 0.0 7 0.0 8 0.0 9 0.0 10 0.0 11 6.647366104668392 12 0.0 13 0.0 
65 46 0.0  Commodities: 0 0.0 1 0.0 2 0.0 3 0.0 4 0.0 5 0.0 6 15.502436054317991 7 0.0 8 4.70892311252826 9 0.0 10 16.151233982199603 11 0.0 12 7.588142720710558 13 0.0 
47 48 0.0  Commodities: 0 0.0 1 0.0 2 0.0 3 0.0 4 0.0 5 0.0 6 0.0 7 11.540089422710013 8 0.0 9 0.0 10 0.0 11 0.0 12 0.0 13 0.0 
48 47 0.0  Commodities: 0 0.0 1 0.0 2 0.0 3 0.0 4 0.2305332528174169 5 0.0 6 42.02868598474539 7 0.0 8 0.0 9 0.0 10 0.0 11 0.0 12 8.119565027133376 13 0.0 
47 66 3.949072544541302  Commodities: 0 0.0 1 0.0 2 0.0 3 0.0 4 0.0 5 0.0 6 7.010741776051237 7 0.0 8 0.0 9 0.0 10 0.0 11 0.42105162809051055 12 0.0 13 0.0 
66 47 2.06888311363128  Commodities: 0 0.0 1 0.0 2 0.0 3 0.0 4 0.0 5 0.0 6 0.0 7 0.0 8 5.732695882546931 9 0.0 10 0.0 11 0.0 12 0.0 13 0.0 
48 49 0.0  Commodities: 0 0.0 1 0.0 2 0.0 3 0.0 4 0.0 5 0.0 6 0.0 7 23.798753697724063 8 6.0219599499200775 9 0.0 10 0.0 11 0.0 12 0.0 13 0.0 
49 48 0.0  Commodities: 0 0.0 1 0.0 2 30.8915634708886 3 0.0 4 0.0 5 0.0 6 44.07956397874947 7 0.0 8 0.0 9 0.0 10 0.0 11 0.0 12 5.819767478866335 13 0.0 
48 67 0.5909638576506104  Commodities: 0 0.0 1 0.0 2 45.395656218874834 3 0.0 4 0.0 5 0.0 6 6.23068307962649 7 0.0 8 0.0 9 0.0 10 0.0 11 0.0 12 0.0 13 0.0 
67 48 0.3994520511581712  Commodities: 0 0.0 1 0.0 2 0.0 3 0.0 4 15.99999999897551 5 0.0 6 0.0 7 5.425613687828051 8 6.021959949738143 9 0.0 10 0.0 11 0.0 12 0.0 13 0.0 
49 50 11.270122184207622  Commodities: 0 0.0 1 0.0 2 0.0 3 0.0 4 0.0 5 0.0 6 0.0 7 43.71042083406626 8 6.151859370331779 9 0.0 10 0.0 11 0.0 12 0.0 13 0.0 
50 49 6.000747064817638  Commodities: 0 0.0 1 0.0 2 0.0 3 0.0 4 0.0 5 0.0 6 0.0 7 0.0 8 0.0 9 0.0 10 0.0 11 0.0 12 0.5839294468992628 13 0.0 
49 68 0.0  Commodities: 0 0.0 1 0.0 2 2.6043437804486698 3 0.0 4 0.0 5 0.0 6 2.2610111988132275 7 0.0 8 0.0 9 0.0 10 0.0 11 0.0 12 0.0 13 0.0 
68 49 0.0  Commodities: 0 0.0 1 0.0 2 0.0 3 0.0 4 0.0 5 0.0 6 0.0 7 13.49396223066403 8 5.12181804347873 9 0.0 10 0.0 11 0.0 12 0.0 13 0.0 
50 51 0.0  Commodities: 0 0.0 1 0.0 2 0.0 3 0.0 4 0.0 5 0.0 6 0.0 7 0.0 8 8.46697094395921 9 0.0 10 0.0 11 0.0 12 0.0 13 0.0 
51 50 3.357748785558485  Commodities: 0 0.0 1 0.0 2 0.0 3 0.0 4 0.0 5 0.0 6 0.0 7 0.0 8 0.0 9 0.0 10 0.0 11 0.0 12 2.0598997342569425 13 0.0 
50 69 0.0  Commodities: 0 0.0 1 0.0 2 0.0 3 0.0 4 0.0 5 0.0 6 0.0 7 0.0 8 0.0 9 0.0 10 0.0 11 0.0 12 1.4759702875635727 13 0.0 
69 50 0.0  Commodities: 0 0.0 1 0.0 2 0.0 3 0.0 4 0.0 5 0.0 6 0.0 7 11.354260289337963 8 2.315111573871746 9 0.0 10 0.0 11 0.0 12 0.0 13 0.0 
51 52 0.0  Commodities: 0 0.0 1 0.0 2 0.0 3 0.0 4 0.0 5 0.0 6 0.0 7 0.0 8 44.68203843061848 9 4.486237655460587 10 0.0 11 0.0 12 0.0 13 0.0 
52 51 1.902148505351235  Commodities: 0 0.0 1 0.0 2 0.0 3 6.671505321539356 4 0.0 5 0.0 6 0.0 7 0.0 8 0.0 9 0.0 10 0.0 11 0.0 12 8.252851300084865 13 0.0 
51 70 0.0  Commodities: 0 0.0 1 0.0 2 0.0 3 0.0 4 0.0 5 0.0 6 0.0 7 0.0 8 0.0 9 0.0 10 0.0 11 0.0 12 6.192951565857994 13 0.0 
70 51 0.0  Commodities: 0 0.0 1 0.0 2 0.0 3 26.32849467747393 4 0.0 5 0.0 6 0.0 7 0.0 8 6.7620227369833525 9 0.0 10 0.0 11 0.0 12 0.0 13 0.0 
52 53 0.8904505996817988  Commodities: 0 0.0 1 0.0 2 0.0 3 0.0 4 0.0 5 0.0 6 0.0 7 0.0 8 19.075496768908554 9 0.0 10 0.0 11 0.0 12 0.0 13 0.0 
53 52 2.609008743295533  Commodities: 0 0.0 1 0.0 2 0.0 3 1.1531491978578527 4 0.0 5 0.0 6 0.0 7 0.0 8 0.0 9 0.0 10 0.0 11 0.0 12 4.223737990176228 13 0.0 
52 71 0.0  Commodities: 0 0.0 1 0.0 2 0.0 3 0.0 4 0.0 5 0.0 6 0.0 7 0.0 8 2.8776576351142045 9 0.0 10 0.0 11 0.0 12 7.146497346079802 13 0.0 
71 52 0.1893363561373782  Commodities: 0 0.0 1 0.0 2 0.0 3 5.518356124049462 4 0.0 5 0.0 6 0.0 7 0.0 8 0.0 9 0.0 10 0.0 11 0.0 12 0.0 13 0.0 
53 54 6.026310803227716  Commodities: 0 0.0 1 0.0 2 0.0 3 0.0 4 0.0 5 0.0 6 0.0 7 0.0 8 43.34984566187825 9 0.0 10 0.0 11 0.0 12 0.0 13 0.0 
54 53 0.0  Commodities: 0 0.0 1 0.0 2 0.0 3 0.0 4 0.0 5 0.0 6 0.0 7 0.0 8 0.0 9 0.0 10 0.0 11 0.0 12 0.0 13 0.0 
53 72 0.0  Commodities: 0 0.0 1 0.0 2 0.0 3 0.0 4 0.0 5 0.0 6 0.0 7 0.0 8 0.0 9 0.0 10 0.0 11 0.0 12 3.8974276512663337 13 0.0 
72 53 4.572326871831905  Commodities: 0 10.89987151002731 1 0.0 2 0.0 3 1.1531491979972268 4 0.0 5 0.0 6 0.0 7 0.0 8 0.0 9 0.0 10 0.0 11 0.0 12 0.0 13 0.0 
54 55 3.159196584669985  Commodities: 0 17.91129808319626 1 0.0 2 0.0 3 0.0 4 0.0 5 0.0 6 0.0 7 0.0 8 48.87910794142274 9 0.0 10 0.0 11 0.0 12 0.0 13 0.0 
55 54 0.0  Commodities: 0 0.0 1 0.0 2 0.0 3 0.0 4 0.0 5 0.0 6 0.0 7 0.0 8 0.0 9 0.0 10 0.0 11 0.0 12 0.0 13 0.0 
54 73 0.0  Commodities: 0 0.0 1 0.0 2 0.0 3 0.0 4 0.0 5 0.0 6 0.0 7 0.0 8 0.0 9 0.0 10 0.0 11 0.0 12 0.0 13 0.0 
73 54 10.381368890311798  Commodities: 0 50.210927077734276 1 0.0 2 0.0 3 0.0 4 0.0 5 0.0 6 0.0 7 0.0 8 0.0 9 0.0 10 0.0 11 0.0 12 0.0 13 0.0 
55 56 0.0  Commodities: 0 0.0 1 0.0 2 0.0 3 0.0 4 0.0 5 0.0 6 0.0 7 0.0 8 0.1830140344791673 9 0.0 10 0.0 11 0.0 12 0.0 13 0.0 
56 55 0.0  Commodities: 0 0.0 1 0.0 2 0.0 3 0.0 4 0.0 5 0.0 6 0.0 7 0.0 8 0.0 9 0.0 10 0.0 11 0.0 12 0.0 13 0.0 
55 74 2.0318798089505776  Commodities: 0 0.0 1 0.0 2 0.0 3 0.0 4 0.0 5 0.0 6 0.0 7 0.0 8 49.72079852903411 9 0.0 10 0.0 11 0.0 12 0.0 13 0.0 
74 55 3.906199232962848  Commodities: 0 4.879147340685311 1 0.0 2 0.0 3 0.0 4 0.0 5 0.0 6 0.0 7 0.0 8 0.0 9 0.0 10 0.0 11 0.0 12 0.0 13 0.0 
56 75 0.0  Commodities: 0 0.0 1 0.0 2 0.0 3 0.0 4 0.0 5 0.0 6 0.0 7 0.0 8 0.655595872548255 9 0.0 10 0.0 11 0.0 12 0.0 13 0.0 
75 56 0.0  Commodities: 0 5.010054071412734 1 0.0 2 0.0 3 0.0 4 0.0 5 0.0 6 0.0 7 0.0 8 0.0 9 0.0 10 0.0 11 0.0 12 0.0 13 0.0 
57 58 0.0  Commodities: 0 0.0 1 0.0 2 0.0 3 0.0 4 0.0 5 0.0 6 0.0 7 0.0 8 0.0 9 0.0 10 0.0 11 0.0 12 0.0 13 0.0 
58 57 0.0  Commodities: 0 0.0 1 0.0 2 0.0 3 0.0 4 0.0 5 0.0 6 0.0 7 0.0 8 0.0 9 0.0 10 0.0 11 0.0 12 6.297002065600463 13 0.0 
57 76 0.0  Commodities: 0 0.0 1 0.0 2 0.0 3 0.0 4 0.0 5 0.0 6 0.0 7 0.0 8 0.0 9 0.0 10 0.0 11 0.0 12 0.0 13 0.0 
76 57 0.0  Commodities: 0 0.0 1 0.0 2 0.0 3 0.0 4 0.0 5 0.0 6 0.0 7 0.0 8 0.0 9 0.0 10 0.0 11 0.0 12 0.31188381523941944 13 0.0 
58 59 0.0  Commodities: 0 0.0 1 0.0 2 0.0 3 0.0 4 0.0 5 0.0 6 0.0 7 0.0 8 0.0 9 0.0 10 0.0 11 0.0 12 0.0 13 0.0 
59 58 0.0  Commodities: 0 0.0 1 0.0 2 0.0 3 0.0 4 0.0 5 0.0 6 0.0 7 0.0 8 0.0 9 0.0 10 0.0 11 0.0 12 20.35225353996245 13 0.0 
58 77 0.0  Commodities: 0 0.0 1 0.0 2 0.0 3 0.0 4 0.0 5 0.0 6 0.0 7 0.0 8 0.0 9 0.0 10 0.0 11 0.0 12 0.0 13 0.0 
77 58 0.0  Commodities: 0 0.0 1 0.0 2 0.0 3 0.0 4 0.0 5 0.0 6 0.0 7 0.0 8 0.0 9 0.0 10 0.0 11 0.0 12 0.0 13 0.0 
59 60 1.1368548892060346  Commodities: 0 0.0 1 0.0 2 0.0 3 0.0 4 0.0 5 0.0 6 0.0 7 0.0 8 0.0 9 0.0 10 0.0 11 9.542118761340816 12 0.0 13 0.0 
60 59 0.0  Commodities: 0 0.0 1 0.0 2 0.0 3 0.0 4 0.0 5 0.0 6 0.0 7 0.0 8 0.0 9 0.0 10 0.0 11 0.0 12 20.352253541378087 13 0.0 
59 78 0.0  Commodities: 0 0.0 1 0.0 2 0.0 3 0.0 4 0.0 5 0.0 6 0.0 7 0.0 8 0.0 9 0.0 10 0.0 11 2.0158294650500683 12 0.0 13 0.0 
78 59 0.0  Commodities: 0 0.0 1 0.0 2 0.0 3 0.0 4 0.0 5 0.0 6 0.0 7 0.0 8 0.0 9 0.0 10 0.0 11 0.0 12 0.0 13 0.0 
60 61 0.0  Commodities: 0 0.0 1 0.0 2 0.0 3 0.0 4 0.0 5 0.0 6 0.0 7 0.0 8 0.0 9 0.0 10 0.0 11 3.5640562964032654 12 0.0 13 0.0 
61 60 0.0  Commodities: 0 0.0 1 0.0 2 0.0 3 0.0 4 0.0 5 0.0 6 0.0 7 0.0 8 0.0 9 0.0 10 2.27343382602785 11 0.0 12 20.664137350786465 13 0.0 
60 79 0.11558606489774093  Commodities: 0 0.0 1 0.0 2 0.0 3 0.0 4 0.0 5 0.0 6 0.0 7 0.0 8 0.0 9 0.0 10 0.0 11 16.531315391349192 12 0.31188381059985076 13 0.0 
79 60 0.0  Commodities: 0 0.0 1 0.0 2 0.0 3 0.0 4 0.0 5 0.0 6 0.0 7 0.0 8 0.0 9 0.0 10 4.203127637548945 11 0.0 12 0.0 13 0.0 
61 62 0.0  Commodities: 0 0.0 1 0.0 2 0.0 3 0.0 4 0.0 5 0.0 6 0.0 7 0.0 8 0.0 9 0.0 10 0.0 11 0.0 12 0.0 13 0.0 
62 61 2.5064664585553658  Commodities: 0 0.0 1 0.0 2 0.0 3 0.0 4 0.0 5 0.0 6 0.0 7 7.157900507351804 8 0.0 9 0.0 10 1.3446035111930308 11 0.0 12 20.664137351477617 13 0.0 
61 80 1.5129437703380404  Commodities: 0 0.0 1 0.0 2 0.0 3 0.0 4 0.0 5 0.0 6 0.0 7 7.157900506176024 8 0.0 9 0.0 10 0.0 11 5.462504998629395 12 0.0 13 0.0 
80 61 3.0190901553767944  Commodities: 0 0.0 1 0.0 2 0.0 3 0.0 4 0.0 5 0.0 6 0.0 7 0.0 8 0.0 9 0.0 10 13.60524888248059 11 0.0 12 0.0 13 0.0 
62 63 2.050623634051263  Commodities: 0 0.0 1 0.0 2 0.0 3 0.0 4 0.0 5 0.0 6 0.0 7 4.000706502478225 8 0.0 9 0.0 10 0.0 11 0.0 12 0.0 13 0.0 
63 62 0.5267438932371036  Commodities: 0 0.0 1 0.0 2 0.0 3 0.0 4 0.0 5 0.0 6 0.0 7 0.0 8 0.0 9 0.0 10 5.382905591504704 11 0.0 12 20.66413735089964 13 0.0 
62 81 7.994473878577907  Commodities: 0 0.0 1 0.0 2 0.0 3 0.0 4 0.0 5 0.0 6 0.0 7 19.11522919942891 8 0.0 9 0.0 10 0.0 11 0.0 12 0.0 13 0.0 
81 62 0.0  Commodities: 0 0.0 1 0.0 2 0.0 3 0.0 4 0.0 5 0.0 6 0.0 7 0.0 8 0.0 9 0.0 10 0.8897446669860145 11 0.0 12 0.0 13 0.0 
63 64 1.9660492071022162  Commodities: 0 0.0 1 0.0 2 0.0 3 0.0 4 0.0 5 0.0 6 0.0 7 4.000706502549431 8 74.13902349398683 9 0.0 10 0.0 11 14.087527605024224 12 0.0 13 0.0 
64 63 7.8252436843715145  Commodities: 0 0.0 1 0.0 2 0.0 3 0.0 4 0.0 5 0.0 6 0.0 7 0.0 8 0.0 9 0.0 10 1.0058670240692826 11 0.0 12 11.124704128046933 13 0.0 
63 82 0.0  Commodities: 0 0.0 1 0.0 2 0.0 3 0.0 4 0.0 5 0.0 6 0.0 7 0.0 8 0.0 9 0.0 10 0.0 11 0.0 12 0.0 13 0.0 
82 63 0.0  Commodities: 0 0.0 1 0.0 2 0.0 3 0.0 4 0.0 5 0.0 6 0.0 7 0.0 8 0.0 9 0.0 10 4.377038565114053 11 13.274486095617668 12 0.0 13 0.0 
64 65 7.325792328841764  Commodities: 0 0.0 1 0.0 2 0.0 3 0.0 4 0.0 5 0.0 6 0.0 7 4.000706501910367 8 52.408479258820954 9 0.0 10 0.0 11 32.93158226705658 12 0.0 13 0.0 
65 64 0.0  Commodities: 0 0.0 1 0.0 2 0.0 3 0.0 4 0.0 5 0.0 6 0.0 7 0.0 8 0.0 9 0.0 10 0.0 11 0.0 12 11.124704131692672 13 0.0 
64 83 0.0  Commodities: 0 0.0 1 0.0 2 0.0 3 0.0 4 0.0 5 0.0 6 0.0 7 0.0 8 0.0 9 0.0 10 0.0 11 0.0 12 0.0 13 0.0 
83 64 0.0  Commodities: 0 0.0 1 0.0 2 0.0 3 0.0 4 0.0 5 0.0 6 0.0 7 0.0 8 0.0 9 0.0 10 13.7736062611887 11 10.735163760160592 12 0.0 13 0.0 
65 66 0.0  Commodities: 0 0.0 1 0.0 2 0.0 3 0.0 4 0.0 5 0.0 6 0.0 7 4.000706501726761 8 47.699556146365374 9 0.0 10 0.0 11 0.0 12 0.0 13 0.0 
66 65 0.5342058110269647  Commodities: 0 0.0 1 0.0 2 0.0 3 0.0 4 0.0 5 0.0 6 15.502436054258597 7 0.0 8 0.0 9 0.0 10 0.0 11 0.421051628338448 12 18.712846852316595 13 0.0 
65 84 0.0  Commodities: 0 0.0 1 0.0 2 0.0 3 0.0 4 0.0 5 0.0 6 0.0 7 0.0 8 0.0 9 0.0 10 0.0 11 0.0 12 0.0 13 0.0 
84 65 0.0  Commodities: 0 0.0 1 0.0 2 0.0 3 0.0 4 0.0 5 0.0 6 0.0 7 0.0 8 0.0 9 0.0 10 16.151233984387467 11 0.0 12 0.0 13 0.0 
66 67 0.0  Commodities: 0 0.0 1 0.0 2 0.0 3 0.0 4 0.0 5 0.0 6 0.0 7 27.95615014681761 8 41.966860266102024 9 0.0 10 0.0 11 0.0 12 0.0 13 0.0 
67 66 0.0  Commodities: 0 0.0 1 0.0 2 0.0 3 0.0 4 0.0 5 0.0 6 8.49169427789664 7 0.0 8 0.0 9 0.0 10 0.0 11 0.0 12 18.71284685089318 13 0.0 
66 85 0.0  Commodities: 0 0.0 1 0.0 2 0.0 3 0.0 4 0.0 5 0.0 6 0.0 7 0.0 8 0.0 9 0.0 10 0.0 11 0.0 12 0.0 13 0.0 
85 66 0.0  Commodities: 0 0.0 1 0.0 2 0.0 3 0.0 4 0.0 5 0.0 6 0.0 7 23.955443645404 8 0.0 9 0.0 10 0.0 11 0.0 12 0.0 13 0.0 
67 68 3.241550123234319  Commodities: 0 0.0 1 0.0 2 0.0 3 0.0 4 0.0 5 0.0 6 0.0 7 21.741469712577366 8 34.39386709030201 9 0.0 10 0.0 11 0.0 12 0.0 13 0.0 
68 67 0.0  Commodities: 0 0.0 1 0.0 2 2.604343780361913 3 0.0 4 0.0 5 0.0 6 2.261011198405745 7 0.0 8 0.0 9 0.0 10 0.0 11 0.0 12 9.101439631504823 13 0.0 
67 86 0.0  Commodities: 0 0.0 1 0.0 2 0.0 3 0.0 4 0.0 5 0.0 6 0.0 7 0.789066746776661 8 1.5510332264287152 9 0.0 10 0.0 11 0.0 12 0.0 13 0.0 
86 67 0.0  Commodities: 0 0.0 1 0.0 2 0.0 3 0.0 4 15.999999999731143 5 0.0 6 0.0 7 0.0 8 0.0 9 0.0 10 0.0 11 0.0 12 9.611407219152477 13 0.0 
68 69 7.6909530959131445  Commodities: 0 0.0 1 0.0 2 0.0 3 0.0 4 0.0 5 0.0 6 0.0 7 5.366150829967226 8 14.357220831222085 9 0.0 10 0.0 11 0.0 12 0.0 13 0.0 
69 68 0.0  Commodities: 0 0.0 1 0.0 2 0.0 3 0.0 4 0.0 5 0.0 6 0.0 7 0.0 8 0.0 9 0.0 10 0.0 11 0.0 12 9.101439631077268 13 0.0 
68 87 0.9999011453586064  Commodities: 0 0.0 1 0.0 2 0.0 3 0.0 4 0.0 5 0.0 6 0.0 7 2.881356652232214 8 14.914828215884421 9 0.0 10 0.0 11 0.0 12 0.0 13 0.0 
87 68 0.0  Commodities: 0 0.0 1 0.0 2 0.0 3 0.0 4 0.0 5 0.0 6 0.0 7 0.0 8 0.0 9 0.0 10 0.0 11 0.0 12 0.0 13 0.0 
69 70 2.140261396639488  Commodities: 0 0.0 1 0.0 2 0.0 3 0.0 4 0.0 5 0.0 6 0.0 7 0.0 8 14.409553380126258 9 0.0 10 0.0 11 0.0 12 0.0 13 0.0 
70 69 2.987877704234137  Commodities: 0 0.0 1 0.0 2 0.0 3 0.0 4 0.0 5 0.0 6 0.0 7 0.0 8 0.0 9 0.0 10 0.0 11 0.0 12 7.6254693436939505 13 0.0 
69 88 0.0  Commodities: 0 0.0 1 0.0 2 0.0 3 0.0 4 0.0 5 0.0 6 0.0 7 0.0 8 0.0 9 0.0 10 0.0 11 0.0 12 0.0 13 0.0 
88 69 0.0  Commodities: 0 0.0 1 0.0 2 0.0 3 0.0 4 0.0 5 0.0 6 0.0 7 5.988109459146588 8 2.3674441225832856 9 0.0 10 0.0 11 0.0 12 0.0 13 0.0 
70 71 4.454873144462141  Commodities: 0 0.0 1 0.0 2 0.0 3 0.0 4 0.0 5 0.0 6 0.0 7 0.0 8 7.647530642003784 9 0.0 10 0.0 11 0.0 12 0.0 13 0.0 
71 70 0.0  Commodities: 0 0.0 1 0.0 2 0.0 3 0.0 4 0.0 5 0.0 6 0.0 7 0.0 8 0.0 9 0.0 10 0.0 11 0.0 12 7.146497347063264 13 0.0 
70 89 0.0  Commodities: 0 0.0 1 0.0 2 0.0 3 0.0 4 0.0 5 0.0 6 0.0 7 0.0 8 0.0 9 0.0 10 0.0 11 0.0 12 5.713979569375055 13 0.0 
89 70 0.0  Commodities: 0 0.0 1 0.0 2 0.0 3 26.32849467580711 4 0.0 5 0.0 6 0.0 7 0.0 8 0.0 9 0.0 10 0.0 11 0.0 12 0.0 13 0.0 
71 72 0.0  Commodities: 0 0.0 1 0.0 2 0.0 3 0.0 4 0.0 5 0.0 6 0.0 7 0.0 8 11.17299123432192 9 0.0 10 0.0 11 0.0 12 0.0 13 0.0 
72 71 3.2733831474387216  Commodities: 0 0.0 1 0.0 2 0.0 3 5.429080093245293 4 0.0 5 0.0 6 0.0 7 0.0 8 0.0 9 0.0 10 0.0 11 0.0 12 0.0 13 0.0 
71 90 0.0  Commodities: 0 0.0 1 0.0 2 0.0 3 0.0 4 0.0 5 0.0 6 0.0 7 0.0 8 0.0 9 0.0 10 0.0 11 0.0 12 0.0 13 0.0 
90 71 1.6488025120279062  Commodities: 0 0.0 1 0.0 2 0.0 3 0.08927603242910213 4 0.0 5 0.0 6 0.0 7 0.0 8 0.6478029574470807 9 0.0 10 0.0 11 0.0 12 0.0 13 0.0 
72 73 0.0  Commodities: 0 0.0 1 0.0 2 0.0 3 0.0 4 0.0 5 0.0 6 0.0 7 0.0 8 16.476399772273417 9 0.0 10 0.0 11 0.0 12 0.0 13 0.0 
73 72 4.693852369535371  Commodities: 0 10.899871506033433 1 0.0 2 0.0 3 0.0 4 0.0 5 0.0 6 0.0 7 0.0 8 0.0 9 0.0 10 0.0 11 0.0 12 0.0 13 0.0 
72 91 0.0  Commodities: 0 0.0 1 0.0 2 0.0 3 0.0 4 0.0 5 0.0 6 0.0 7 0.0 8 0.0 9 0.0 10 0.0 11 0.0 12 3.8974276501030753 13 0.0 
91 72 0.0  Commodities: 0 0.0 1 0.0 2 0.0 3 6.5822292913967475 4 0.0 5 0.0 6 0.0 7 0.0 8 5.303408538708834 9 0.0 10 0.0 11 0.0 12 0.0 13 0.0 
73 74 13.431319297383084  Commodities: 0 4.571943052151989 1 0.0 2 0.0 3 0.0 4 0.0 5 0.0 6 0.0 7 0.0 8 16.31931298218874 9 0.0 10 0.0 11 0.0 12 0.0 13 0.0 
74 73 0.0  Commodities: 0 0.0 1 0.0 2 0.0 3 0.0 4 0.0 5 0.0 6 0.0 7 0.0 8 0.0 9 0.0 10 0.0 11 0.0 12 0.0 13 0.0 
73 92 1.004715717867363  Commodities: 0 5.317258364638658 1 0.0 2 0.0 3 0.0 4 0.0 5 0.0 6 0.0 7 0.0 8 0.15708679026954278 9 0.0 10 0.0 11 0.0 12 0.0 13 0.0 
92 73 0.0  Commodities: 0 0.0 1 0.0 2 0.0 3 0.0 4 0.0 5 0.0 6 0.0 7 0.0 8 0.0 9 0.0 10 0.0 11 0.0 12 0.0 13 0.0 
74 75 0.0  Commodities: 0 0.0 1 0.0 2 0.0 3 0.0 4 0.0 5 0.0 6 0.0 7 0.0 8 0.0 9 0.0 10 0.0 11 0.0 12 0.0 13 0.0 
75 74 0.0  Commodities: 0 0.14083829054183888 1 0.0 2 0.0 3 0.0 4 0.0 5 0.0 6 0.0 7 0.0 8 2.8796595747352076 9 0.0 10 0.0 11 0.0 12 0.0 13 0.0 
74 93 0.0  Commodities: 0 0.0 1 0.0 2 0.0 3 0.0 4 0.0 5 0.0 6 0.0 7 0.0 8 0.0 9 0.0 10 0.0 11 0.0 12 0.0 13 0.0 
93 74 6.248502523760067  Commodities: 0 0.16636599836514906 1 0.0 2 0.0 3 0.0 4 0.0 5 0.0 6 0.0 7 0.0 8 6.080228914846419 9 0.0 10 0.0 11 0.0 12 0.0 13 0.0 
75 94 0.0  Commodities: 0 0.0 1 0.0 2 0.0 3 0.0 4 0.0 5 0.0 6 0.0 7 0.0 8 0.0 9 0.0 10 0.0 11 0.0 12 0.0 13 0.0 
94 75 0.0  Commodities: 0 5.150892361648118 1 0.0 2 0.0 3 0.0 4 0.0 5 0.0 6 0.0 7 0.0 8 2.2240637021993437 9 0.0 10 0.0 11 0.0 12 0.0 13 0.0 
76 77 0.0  Commodities: 0 0.0 1 0.0 2 0.0 3 0.0 4 0.0 5 0.0 6 0.0 7 0.0 8 0.0 9 0.0 10 0.0 11 0.0 12 0.0 13 0.0 
77 76 0.0  Commodities: 0 0.0 1 0.0 2 0.0 3 0.0 4 0.0 5 0.0 6 0.0 7 0.0 8 0.0 9 0.0 10 0.0 11 0.0 12 0.3118838130558556 13 0.0 
77 78 0.0  Commodities: 0 0.0 1 0.0 2 0.0 3 0.0 4 0.0 5 0.0 6 0.0 7 0.0 8 0.0 9 0.0 10 0.0 11 0.0 12 0.0 13 0.0 
78 77 0.0  Commodities: 0 0.0 1 0.0 2 0.0 3 0.0 4 0.0 5 0.0 6 0.0 7 0.0 8 0.0 9 0.0 10 0.0 11 0.0 12 0.3118838136374228 13 0.0 
78 79 0.0  Commodities: 0 0.0 1 0.0 2 0.0 3 0.0 4 0.0 5 0.0 6 0.0 7 0.0 8 0.0 9 0.0 10 0.0 11 2.0158294664861875 12 0.0 13 0.0 
79 78 0.0  Commodities: 0 0.0 1 0.0 2 0.0 3 0.0 4 0.0 5 0.0 6 0.0 7 0.0 8 0.0 9 0.0 10 0.0 11 0.0 12 0.311883812612039 13 0.0 
79 80 0.0  Commodities: 0 0.0 1 0.0 2 0.0 3 0.0 4 0.0 5 0.0 6 0.0 7 0.0 8 0.0 9 0.0 10 0.0 11 18.547144857321275 12 0.0 13 0.0 
80 79 0.0  Commodities: 0 0.0 1 0.0 2 0.0 3 0.0 4 0.0 5 0.0 6 0.0 7 0.0 8 0.0 9 0.0 10 4.203127638731043 11 0.0 12 0.0 13 0.0 
80 81 0.0  Commodities: 0 0.0 1 0.0 2 0.0 3 0.0 4 0.0 5 0.0 6 0.0 7 7.157900505819293 8 0.0 9 0.0 10 0.0 11 24.009649855676923 12 0.0 13 0.0 
81 80 0.0  Commodities: 0 0.0 1 0.0 2 0.0 3 0.0 4 0.0 5 0.0 6 0.0 7 0.0 8 0.0 9 0.0 10 17.808376520955054 11 0.0 12 0.0 13 0.0 
81 82 0.0  Commodities: 0 0.0 1 0.0 2 0.0 3 0.0 4 0.0 5 0.0 6 0.0 7 26.273129705216135 8 0.0 9 0.0 10 0.0 11 24.009649855768952 12 0.0 13 0.0 
82 81 0.0  Commodities: 0 0.0 1 0.0 2 0.0 3 0.0 4 0.0 5 0.0 6 0.0 7 0.0 8 0.0 9 0.0 10 18.698121187906946 11 0.0 12 0.0 13 0.0 
82 83 0.0  Commodities: 0 0.0 1 0.0 2 0.0 3 0.0 4 0.0 5 0.0 6 0.0 7 26.273129704997423 8 0.0 9 0.0 10 0.0 11 10.735163760274736 12 0.0 13 0.0 
83 82 9.68666087076479  Commodities: 0 0.0 1 0.0 2 0.0 3 0.0 4 0.0 5 0.0 6 0.0 7 0.0 8 0.0 9 0.0 10 23.075159752877887 11 0.0 12 0.0 13 0.0 
83 84 2.1468101844772036  Commodities: 0 0.0 1 0.0 2 0.0 3 0.0 4 0.0 5 0.0 6 0.0 7 26.273129705457276 8 0.0 9 0.0 10 0.0 11 0.0 12 0.0 13 0.0 
84 83 0.0  Commodities: 0 0.0 1 0.0 2 0.0 3 0.0 4 0.0 5 0.0 6 0.0 7 0.0 8 0.0 9 0.0 10 36.84876601390325 11 0.0 12 0.0 13 0.0 
84 85 0.0  Commodities: 0 0.0 1 0.0 2 0.0 3 0.0 4 0.0 5 0.0 6 0.0 7 26.2731297054668 8 0.0 9 0.0 10 0.0 11 0.0 12 0.0 13 0.0 
85 84 0.0  Commodities: 0 0.0 1 0.0 2 0.0 3 0.0 4 0.0 5 0.0 6 0.0 7 0.0 8 0.0 9 0.0 10 0.0 11 0.0 12 0.0 13 0.0 
85 86 6.5606005944491415  Commodities: 0 0.0 1 0.0 2 0.0 3 0.0 4 0.0 5 0.0 6 0.0 7 2.3176860601979152 8 0.0 9 0.0 10 0.0 11 0.0 12 0.0 13 0.0 
86 85 0.0  Commodities: 0 0.0 1 0.0 2 0.0 3 0.0 4 0.0 5 0.0 6 0.0 7 0.0 8 0.0 9 0.0 10 0.0 11 0.0 12 0.0 13 0.0 
86 87 0.0  Commodities: 0 0.0 1 0.0 2 0.0 3 0.0 4 0.0 5 0.0 6 0.0 7 3.106752806698108 8 1.5510332280227448 9 0.0 10 0.0 11 0.0 12 0.0 13 0.0 
87 86 0.0  Commodities: 0 0.0 1 0.0 2 0.0 3 0.0 4 0.0 5 0.0 6 0.0 7 0.0 8 0.0 9 0.0 10 0.0 11 0.0 12 9.611407219996007 13 0.0 
87 88 0.0  Commodities: 0 0.0 1 0.0 2 0.0 3 0.0 4 0.0 5 0.0 6 0.0 7 5.98810945883668 8 16.46586144382415 9 0.0 10 0.0 11 0.0 12 0.0 13 0.0 
88 87 0.0  Commodities: 0 0.0 1 0.0 2 0.0 3 0.0 4 0.0 5 0.0 6 0.0 7 0.0 8 0.0 9 0.0 10 0.0 11 0.0 12 9.611407220122121 13 0.0 
88 89 0.0  Commodities: 0 0.0 1 0.0 2 0.0 3 0.0 4 0.0 5 0.0 6 0.0 7 0.0 8 14.098417321480321 9 0.0 10 0.0 11 0.0 12 0.0 13 0.0 
89 88 0.0  Commodities: 0 0.0 1 0.0 2 0.0 3 0.0 4 0.0 5 0.0 6 0.0 7 0.0 8 0.0 9 0.0 10 0.0 11 0.0 12 9.611407220382612 13 0.0 
89 90 4.095066475230141  Commodities: 0 0.0 1 0.0 2 0.0 3 0.0 4 0.0 5 0.0 6 0.0 7 0.0 8 14.098417322662653 9 0.0 10 0.0 11 0.0 12 0.0 13 0.0 
90 89 0.0  Commodities: 0 0.0 1 0.0 2 0.0 3 26.328494676547077 4 0.0 5 0.0 6 0.0 7 0.0 8 0.0 9 0.0 10 0.0 11 0.0 12 3.8974276511993886 13 0.0 
90 91 4.965217928927785  Commodities: 0 0.0 1 0.0 2 0.0 3 0.0 4 0.0 5 0.0 6 0.0 7 0.0 8 13.450614365306851 9 0.0 10 0.0 11 0.0 12 0.0 13 0.0 
91 90 0.0  Commodities: 0 0.0 1 0.0 2 0.0 3 26.417770708858004 4 0.0 5 0.0 6 0.0 7 0.0 8 0.0 9 0.0 10 0.0 11 0.0 12 3.8974276511045796 13 0.0 
91 92 6.052672044010961  Commodities: 0 0.0 1 0.0 2 0.0 3 0.0 4 0.0 5 0.0 6 0.0 7 0.0 8 8.147205826828229 9 0.0 10 0.0 11 0.0 12 0.0 13 0.0 
92 91 0.0  Commodities: 0 0.0 1 0.0 2 0.0 3 0.0 4 0.0 5 0.0 6 0.0 7 0.0 8 0.0 9 0.0 10 0.0 11 0.0 12 0.0 13 0.0 
92 93 0.0  Commodities: 0 5.317258359851012 1 0.0 2 0.0 3 0.0 4 0.0 5 0.0 6 0.0 7 0.0 8 8.304292616882682 9 0.0 10 0.0 11 0.0 12 0.0 13 0.0 
93 92 0.0  Commodities: 0 0.0 1 0.0 2 0.0 3 0.0 4 0.0 5 0.0 6 0.0 7 0.0 8 0.0 9 0.0 10 0.0 11 0.0 12 0.0 13 0.0 
93 94 1.2935678741944656  Commodities: 0 5.150892361503923 1 0.0 2 0.0 3 0.0 4 0.0 5 0.0 6 0.0 7 0.0 8 2.2240637020576712 9 0.0 10 0.0 11 0.0 12 0.0 13 0.0 
94 93 0.0  Commodities: 0 0.0 1 0.0 2 0.0 3 0.0 4 0.0 5 0.0 6 0.0 7 0.0 8 0.0 9 0.0 10 0.0 11 0.0 12 0.0 13 0.0 
 Execution Time:  24766 ms
 true Commodity ID : 0 KP : 116.84102684364781 LP : 116.84102684364781
 true Commodity ID : 1 KP : 123.53818445218246 LP : 123.53818445218246
 true Commodity ID : 2 KP : 97.38286221581231 LP : 97.38286221581231
 true Commodity ID : 3 KP : 86.41866690112366 LP : 86.41866690112366
 true Commodity ID : 4 KP : 76.46715762316097 LP : 76.46715762316097
 true Commodity ID : 5 KP : 69.44659793371856 LP : 69.44659793371856
 true Commodity ID : 6 KP : 142.47192419043841 LP : 142.47192419043841
 true Commodity ID : 7 KP : 436.7510620228816 LP : 436.7510620228816
 true Commodity ID : 8 KP : 468.22580410521107 LP : 468.22580410521107
 true Commodity ID : 9 KP : 315.0004747985867 LP : 315.0004747985867
 true Commodity ID : 10 KP : 303.45618008259345 LP : 303.45618008259345
 true Commodity ID : 11 KP : 256.5815711195082 LP : 256.5815711195082
 true Commodity ID : 12 KP : 480.17485754342124 LP : 480.17485754342124
 true Commodity ID : 13 KP : 120.0814628621994 LP : 120.0814628621994

Number of Toll Stations: 115
SocialOptimum : 1135927.4858602409
