0 1 0.0  Commodities: 0 0.0 1 0.0 2 0.0 3 0.0 4 0.0 5 0.0 6 0.0 7 0.0 8 0.0 9 0.0 10 0.0 
1 0 0.0  Commodities: 0 0.0 1 0.0 2 0.0 3 0.0 4 0.0 5 0.0 6 0.0 7 0.0 8 0.0 9 0.0 10 0.0 
0 24 0.0  Commodities: 0 0.0 1 0.0 2 0.0 3 0.0 4 0.0 5 0.0 6 0.0 7 0.0 8 0.0 9 0.0 10 0.0 
24 0 0.0  Commodities: 0 0.0 1 0.0 2 0.0 3 0.0 4 0.0 5 0.0 6 0.0 7 0.0 8 0.0 9 0.0 10 0.0 
1 2 0.0  Commodities: 0 0.0 1 0.0 2 0.0 3 0.0 4 0.0 5 0.0 6 0.0 7 0.0 8 0.0 9 0.0 10 0.0 
2 1 0.0  Commodities: 0 0.0 1 0.0 2 0.0 3 0.0 4 0.0 5 0.0 6 0.0 7 0.0 8 0.0 9 0.0 10 0.0 
1 25 0.0  Commodities: 0 0.0 1 0.0 2 0.0 3 0.0 4 0.0 5 0.0 6 0.0 7 0.0 8 0.0 9 0.0 10 0.0 
25 1 0.0  Commodities: 0 0.0 1 0.0 2 0.0 3 0.0 4 0.0 5 0.0 6 0.0 7 0.0 8 0.0 9 0.0 10 0.0 
2 3 0.0  Commodities: 0 0.0 1 0.0 2 0.0 3 0.0 4 0.0 5 0.0 6 0.0 7 0.0 8 0.0 9 0.0 10 3.212843675364375E-6 
3 2 2.6451146408273445  Commodities: 0 0.0 1 0.0 2 0.0 3 0.0 4 0.0 5 0.0 6 3.040162573971427E-6 7 0.16781399460431018 8 0.0 9 0.0 10 0.0 
2 26 0.0  Commodities: 0 0.0 1 0.0 2 0.0 3 0.0 4 0.0 5 0.0 6 3.0684667397556822E-6 7 0.16781407722814862 8 0.0 9 0.0 10 0.0 
26 2 0.0  Commodities: 0 0.0 1 0.0 2 0.0 3 0.0 4 0.0 5 0.0 6 0.0 7 0.0 8 0.0 9 0.0 10 3.0776375256442393E-6 
3 4 0.0  Commodities: 0 0.0 1 0.0 2 0.0 3 0.0 4 0.0 5 0.0 6 0.0 7 0.0 8 0.0 9 0.0 10 0.2848324199820888 
4 3 0.0  Commodities: 0 0.0 1 0.0 2 0.0 3 0.0 4 0.0 5 0.0 6 5.64876584962723E-6 7 2.0349030284515397 8 0.0 9 0.0 10 0.0 
3 27 0.0  Commodities: 0 0.0 1 0.0 2 0.0 3 0.0 4 0.0 5 0.0 6 2.601032683700443E-6 7 1.8670890236907318 8 0.0 9 0.0 10 0.0 
27 3 0.0  Commodities: 0 0.0 1 0.0 2 0.0 3 0.0 4 0.0 5 0.0 6 0.0 7 0.0 8 0.0 9 0.0 10 0.2848291979010115 
4 5 0.0  Commodities: 0 0.0 1 0.0 2 0.0 3 0.0 4 0.0 5 0.0 6 0.0 7 0.0 8 11.598575811940817 9 0.0 10 0.28483240221572614 
5 4 0.0  Commodities: 0 0.0 1 0.0 2 0.0 3 0.0 4 0.0 5 0.0 6 0.0 7 0.0 8 0.0 9 0.0 10 0.0 
4 28 0.0  Commodities: 0 0.0 1 0.0 2 0.0 3 0.0 4 0.0 5 0.0 6 0.0 7 0.0 8 0.0 9 0.0 10 0.0 
28 4 0.0  Commodities: 0 0.0 1 0.0 2 0.0 3 0.0 4 0.0 5 0.0 6 5.6338899077717185E-6 7 2.034902996614795 8 11.598575828812992 9 0.0 10 0.0 
5 6 0.0  Commodities: 0 0.0 1 27.813043118469988 2 0.0 3 0.0 4 0.0 5 0.0 6 0.0 7 0.0 8 11.59857582577853 9 0.0 10 0.284832405999573 
6 5 0.0  Commodities: 0 0.0 1 0.0 2 0.0 3 0.0 4 28.99999999764753 5 0.0 6 0.0 7 0.0 8 0.0 9 0.0 10 0.0 
5 29 0.0  Commodities: 0 0.0 1 0.0 2 0.0 3 0.0 4 0.0 5 0.0 6 0.0 7 0.0 8 0.0 9 0.0 10 0.0 
29 5 3.1458723452404342  Commodities: 0 0.0 1 27.813043114291183 2 0.0 3 0.0 4 0.0 5 0.0 6 0.0 7 0.0 8 0.0 9 0.0 10 0.0 
6 7 3.309217033798838  Commodities: 0 0.0 1 35.848513419348755 2 0.0 3 0.0 4 0.0 5 0.0 6 0.0 7 0.0 8 11.598575843927899 9 0.0 10 0.28483241175733093 
7 6 0.0  Commodities: 0 0.0 1 0.0 2 0.0 3 0.0 4 28.99999999691297 5 0.0 6 0.0 7 0.0 8 0.0 9 0.0 10 0.0 
6 30 0.0  Commodities: 0 0.0 1 0.0 2 0.0 3 0.0 4 0.0 5 0.0 6 0.0 7 0.0 8 0.0 9 0.0 10 0.0 
30 6 2.804986093007244  Commodities: 0 0.0 1 8.035470300280334 2 0.0 3 0.0 4 0.0 5 0.0 6 0.0 7 0.0 8 0.0 9 0.0 10 0.0 
7 8 0.0  Commodities: 0 0.0 1 29.193840892386785 2 0.0 3 0.0 4 0.0 5 0.0 6 0.0 7 0.0 8 7.6579971909434725 9 0.0 10 0.23489499274045658 
8 7 0.0  Commodities: 0 0.0 1 0.0 2 0.0 3 0.0 4 27.072106636928563 5 0.0 6 0.0 7 0.0 8 0.0 9 0.0 10 0.0 
7 31 0.21040710116241712  Commodities: 0 0.0 1 6.654672527333762 2 0.0 3 0.0 4 0.0 5 0.0 6 0.0 7 0.0 8 3.9405786533004217 9 0.0 10 0.04993741932362272 
31 7 0.0  Commodities: 0 0.0 1 0.0 2 0.0 3 0.0 4 1.9278933603175261 5 0.0 6 0.0 7 0.0 8 0.0 9 0.0 10 0.0 
8 9 3.079103737823395  Commodities: 0 0.0 1 17.683613734003334 2 0.0 3 0.0 4 0.0 5 0.0 6 0.0 7 0.0 8 4.30281121209917 9 0.0 10 0.17229750748086461 
9 8 5.130915199055039  Commodities: 0 0.0 1 0.0 2 0.0 3 0.0 4 16.045402708350476 5 0.0 6 0.0 7 0.0 8 0.0 9 0.0 10 0.0 
8 32 0.0  Commodities: 0 0.0 1 11.510227159474853 2 0.0 3 0.0 4 0.0 5 0.0 6 0.0 7 0.0 8 3.3551859797730073 9 0.0 10 0.06259748614272678 
32 8 8.035803361319097  Commodities: 0 0.0 1 0.0 2 0.0 3 0.0 4 11.026703929495941 5 0.0 6 0.0 7 0.0 8 0.0 9 0.0 10 0.0 
9 10 8.29787826548549  Commodities: 0 0.0 1 17.132687000678274 2 0.0 3 0.0 4 0.0 5 0.0 6 0.0 7 0.0 8 3.7911785861394116 9 0.0 10 0.09090460093145696 
10 9 11.04482484236371  Commodities: 0 0.0 1 0.0 2 0.0 3 0.0 4 15.228762440362596 5 0.0 6 0.0 7 0.0 8 0.0 9 0.0 10 0.0 
9 33 0.0  Commodities: 0 0.0 1 0.5509267378795426 2 0.0 3 0.0 4 0.0 5 0.0 6 0.0 7 0.0 8 0.5116326305568769 9 0.0 10 0.08139291077255911 
33 9 0.0  Commodities: 0 0.0 1 0.0 2 0.0 3 0.0 4 0.816640272601804 5 0.0 6 0.0 7 0.0 8 0.0 9 0.0 10 0.0 
10 11 0.0  Commodities: 0 0.0 1 21.51307311079639 2 0.0 3 0.0 4 0.0 5 0.0 6 0.0 7 0.0 8 9.162080365939701 9 0.0 10 26.992158584844688 
11 10 0.0  Commodities: 0 0.0 1 0.0 2 0.0 3 0.0 4 15.228762462799981 5 0.0 6 0.0 7 0.0 8 0.0 9 0.0 10 0.0 
10 34 0.0  Commodities: 0 0.0 1 0.0 2 0.0 3 0.0 4 0.0 5 0.0 6 0.0 7 0.0 8 0.0 9 0.0 10 0.0 
34 10 0.37507338789072264  Commodities: 0 0.0 1 4.380386111682238 2 0.0 3 0.0 4 0.0 5 0.0 6 0.0 7 0.0 8 5.37090178134612 9 0.0 10 26.901253985474337 
11 12 0.0  Commodities: 0 0.0 1 2.5066887433559164 2 0.0 3 0.0 4 0.0 5 0.0 6 0.0 7 0.0 8 2.1172485892363806 9 0.0 10 2.628668687295524 
12 11 1.951067055904943  Commodities: 0 0.0 1 0.0 2 0.0 3 0.0 4 14.241526011601456 5 0.0 6 0.0 7 0.0 8 0.0 9 0.0 10 0.0 
11 35 0.0  Commodities: 0 0.0 1 19.006384368958855 2 0.0 3 0.0 4 0.0 5 0.0 6 0.0 7 0.0 8 7.044831778183149 9 0.0 10 24.36348989903009 
35 11 0.0  Commodities: 0 0.0 1 0.0 2 0.0 3 0.0 4 0.9872364526830847 5 0.0 6 0.0 7 0.0 8 0.0 9 0.0 10 0.0 
12 13 0.0  Commodities: 0 0.0 1 0.0 2 0.0 3 0.0 4 0.0 5 0.0 6 0.0 7 0.0 8 0.0 9 0.0 10 0.0 
13 12 0.0  Commodities: 0 0.0 1 0.0 2 0.0 3 11.864388794980833 4 2.2075449270330925 5 0.0 6 0.0 7 0.0 8 0.0 9 0.0 10 0.0 
12 36 0.0  Commodities: 0 0.0 1 2.5066887233577724 2 0.0 3 11.864388787767194 4 0.0 5 0.0 6 0.0 7 0.0 8 2.117248541004947 9 0.0 10 2.628668687303226 
36 12 1.3439586485005748  Commodities: 0 0.0 1 0.0 2 0.0 3 0.0 4 12.033981089147193 5 0.0 6 0.0 7 0.0 8 0.0 9 0.0 10 0.0 
13 14 5.588369629324774  Commodities: 0 0.0 1 0.0 2 0.0 3 59.519540644277306 4 0.0 5 0.0 6 0.0 7 0.0 8 0.0 9 0.0 10 0.0 
14 13 6.223982928356055  Commodities: 0 0.0 1 0.0 2 0.0 3 0.0 4 0.7257425627218662 5 0.0 6 0.0 7 0.0 8 0.0 9 0.0 10 0.0 
13 37 7.621571044414523  Commodities: 0 0.0 1 0.0 2 0.0 3 11.616070565924726 4 0.0 5 0.0 6 0.0 7 0.0 8 0.0 9 0.0 10 0.0 
37 13 0.0  Commodities: 0 0.0 1 0.0 2 0.0 3 0.0 4 1.4818023606478206 5 0.0 6 0.0 7 0.0 8 0.0 9 0.0 10 0.0 
14 15 4.95676793627149  Commodities: 0 0.0 1 0.0 2 0.0 3 32.35780378875475 4 0.0 5 0.0 6 0.0 7 0.0 8 0.0 9 0.0 10 0.0 
15 14 0.0  Commodities: 0 0.0 1 0.0 2 0.0 3 0.0 4 0.7257425616787735 5 0.0 6 0.0 7 0.0 8 0.0 9 0.0 10 0.0 
14 38 0.0  Commodities: 0 0.0 1 0.0 2 0.0 3 27.161736855654045 4 0.0 5 0.0 6 0.0 7 0.0 8 0.0 9 0.0 10 0.0 
38 14 0.0  Commodities: 0 0.0 1 0.0 2 0.0 3 0.0 4 0.0 5 0.0 6 0.0 7 0.0 8 0.0 9 0.0 10 0.0 
15 16 0.0  Commodities: 0 0.0 1 0.0 2 3.4688775715399593 3 10.83830149725464 4 0.0 5 0.0 6 0.0 7 0.0 8 0.0 9 0.0 10 0.0 
16 15 0.0  Commodities: 0 0.0 1 0.0 2 0.0 3 0.0 4 0.725742565546941 5 0.0 6 0.0 7 0.0 8 0.0 9 0.0 10 0.0 
15 39 2.0632912272038624  Commodities: 0 0.0 1 0.0 2 0.0 3 21.519502299255205 4 0.0 5 0.0 6 0.0 7 0.0 8 0.0 9 0.0 10 0.0 
39 15 0.0  Commodities: 0 0.0 1 0.0 2 3.4688774979636006 3 0.0 4 0.0 5 0.0 6 0.0 7 0.0 8 0.0 9 0.0 10 0.0 
16 17 7.455668099164114  Commodities: 0 0.0 1 0.0 2 3.4688775674737107 3 0.0 4 0.0 5 0.0 6 0.0 7 0.0 8 0.0 9 0.0 10 0.0 
17 16 0.0  Commodities: 0 0.0 1 0.0 2 0.0 3 0.0 4 0.0 5 0.0 6 0.0 7 0.0 8 0.0 9 0.0 10 0.0 
16 40 0.0  Commodities: 0 0.0 1 0.0 2 0.0 3 10.838301491435818 4 0.0 5 0.0 6 0.0 7 0.0 8 0.0 9 0.0 10 0.0 
40 16 0.0  Commodities: 0 0.0 1 0.0 2 0.0 3 0.0 4 0.7257425519868395 5 0.0 6 0.0 7 0.0 8 0.0 9 0.0 10 0.0 
17 18 0.0  Commodities: 0 0.0 1 0.0 2 9.626048921940809 3 0.0 4 0.0 5 0.0 6 0.0 7 0.0 8 0.0 9 0.0 10 0.0 
18 17 0.0  Commodities: 0 0.0 1 0.0 2 0.0 3 0.0 4 0.0 5 0.0 6 0.0 7 0.0 8 0.0 9 0.0 10 0.0 
17 41 0.0  Commodities: 0 0.0 1 0.0 2 0.0 3 0.0 4 0.0 5 0.0 6 0.0 7 0.0 8 0.0 9 0.0 10 0.0 
41 17 0.0  Commodities: 0 0.0 1 0.0 2 6.1571713527238 3 0.0 4 0.0 5 0.0 6 0.0 7 0.0 8 0.0 9 0.0 10 0.0 
18 19 2.2989933291257785  Commodities: 0 0.0 1 0.0 2 16.26643808144064 3 0.0 4 0.0 5 0.0 6 0.0 7 0.0 8 0.0 9 0.0 10 0.0 
19 18 0.0  Commodities: 0 0.0 1 0.0 2 0.0 3 0.0 4 0.0 5 0.0 6 0.0 7 0.0 8 0.0 9 0.0 10 0.0 
18 42 0.0  Commodities: 0 0.0 1 0.0 2 0.0 3 0.0 4 0.0 5 0.0 6 0.0 7 0.0 8 0.0 9 0.0 10 0.0 
42 18 2.8245804156651957  Commodities: 0 0.0 1 0.0 2 6.640389176920565 3 0.0 4 0.0 5 0.0 6 0.0 7 0.0 8 0.0 9 0.0 10 0.0 
19 20 0.0  Commodities: 0 0.0 1 0.0 2 21.281129366631937 3 0.0 4 0.0 5 0.0 6 0.0 7 0.0 8 0.0 9 0.0 10 0.0 
20 19 0.0  Commodities: 0 0.0 1 0.0 2 0.0 3 0.0 4 0.0 5 0.0 6 0.0 7 0.0 8 0.0 9 0.0 10 0.0 
19 43 0.0  Commodities: 0 0.0 1 0.0 2 0.0 3 0.0 4 0.0 5 0.0 6 0.0 7 0.0 8 0.0 9 0.0 10 0.0 
43 19 0.0  Commodities: 0 0.0 1 0.0 2 5.014691286314055 3 0.0 4 0.0 5 0.0 6 0.0 7 0.0 8 0.0 9 0.0 10 0.0 
20 21 0.8146106286081931  Commodities: 0 0.0 1 0.0 2 12.105382857478476 3 0.0 4 0.0 5 0.0 6 0.0 7 0.0 8 0.0 9 0.0 10 0.0 
21 20 0.0  Commodities: 0 0.0 1 0.0 2 0.0 3 0.0 4 0.0 5 0.0 6 0.0 7 0.0 8 0.0 9 0.0 10 0.0 
20 44 0.0  Commodities: 0 0.0 1 0.0 2 9.175746531136836 3 0.0 4 0.0 5 0.0 6 0.0 7 0.0 8 0.0 9 0.0 10 0.0 
44 20 0.0  Commodities: 0 0.0 1 0.0 2 0.0 3 0.0 4 0.0 5 0.0 6 0.0 7 0.0 8 0.0 9 0.0 10 0.0 
21 22 0.0  Commodities: 0 0.0 1 0.0 2 8.531920818074715 3 0.0 4 0.0 5 0.0 6 0.0 7 0.0 8 0.0 9 0.0 10 0.0 
22 21 0.0  Commodities: 0 0.0 1 0.0 2 0.0 3 0.0 4 0.0 5 0.0 6 0.0 7 0.0 8 0.0 9 0.0 10 0.0 
21 45 0.0  Commodities: 0 0.0 1 0.0 2 3.5734620818269143 3 0.0 4 0.0 5 0.0 6 0.0 7 0.0 8 0.0 9 0.0 10 0.0 
45 21 0.0  Commodities: 0 0.0 1 0.0 2 0.0 3 0.0 4 0.0 5 0.0 6 0.0 7 0.0 8 0.0 9 0.0 10 0.0 
22 23 0.0  Commodities: 0 0.0 1 0.0 2 8.531920791015763 3 0.0 4 0.0 5 0.0 6 0.0 7 0.0 8 0.0 9 0.0 10 0.0 
23 22 0.0  Commodities: 0 0.0 1 0.0 2 0.0 3 0.0 4 0.0 5 0.0 6 0.0 7 0.0 8 0.0 9 0.0 10 0.0 
22 46 0.0  Commodities: 0 0.0 1 0.0 2 0.0 3 0.0 4 0.0 5 0.0 6 0.0 7 0.0 8 0.0 9 0.0 10 0.0 
46 22 0.0  Commodities: 0 0.0 1 0.0 2 0.0 3 0.0 4 0.0 5 0.0 6 0.0 7 0.0 8 0.0 9 0.0 10 0.0 
23 47 0.7454855430960947  Commodities: 0 0.0 1 0.0 2 8.531920818757575 3 0.0 4 0.0 5 0.0 6 0.0 7 0.0 8 0.0 9 0.0 10 0.0 
47 23 0.0  Commodities: 0 0.0 1 0.0 2 0.0 3 0.0 4 0.0 5 0.0 6 0.0 7 0.0 8 0.0 9 0.0 10 0.0 
24 25 0.0  Commodities: 0 0.0 1 0.0 2 0.0 3 0.0 4 0.0 5 0.0 6 0.0 7 0.0 8 0.0 9 0.0 10 0.0 
25 24 0.0  Commodities: 0 0.0 1 0.0 2 0.0 3 0.0 4 0.0 5 0.0 6 0.0 7 0.0 8 0.0 9 0.0 10 0.0 
24 48 0.0  Commodities: 0 0.0 1 0.0 2 0.0 3 0.0 4 0.0 5 0.0 6 0.0 7 0.0 8 0.0 9 0.0 10 0.0 
48 24 0.0  Commodities: 0 0.0 1 0.0 2 0.0 3 0.0 4 0.0 5 0.0 6 0.0 7 0.0 8 0.0 9 0.0 10 0.0 
25 26 0.0  Commodities: 0 0.0 1 0.0 2 0.0 3 0.0 4 0.0 5 0.0 6 0.0 7 0.0 8 0.0 9 0.0 10 0.0 
26 25 0.0  Commodities: 0 0.0 1 0.0 2 0.0 3 0.0 4 0.0 5 0.0 6 7.725659029487976E-6 7 0.0 8 0.0 9 0.0 10 0.0 
25 49 0.0  Commodities: 0 0.0 1 0.0 2 0.0 3 0.0 4 0.0 5 0.0 6 7.76880618492807E-6 7 0.0 8 0.0 9 0.0 10 0.0 
49 25 0.0  Commodities: 0 0.0 1 0.0 2 0.0 3 0.0 4 0.0 5 0.0 6 0.0 7 0.0 8 0.0 9 0.0 10 0.0 
26 27 0.0  Commodities: 0 0.0 1 0.0 2 0.0 3 0.0 4 0.0 5 0.0 6 0.0 7 0.0 8 0.0 9 0.0 10 0.0 
27 26 0.0  Commodities: 0 0.0 1 0.0 2 0.0 3 0.0 4 0.0 5 0.0 6 3.940746880225113E-6 7 5.55829616553885 8 0.0 9 0.0 10 0.0 
26 50 0.0  Commodities: 0 0.0 1 0.0 2 0.0 3 0.0 4 0.0 5 0.0 6 0.0 7 0.0 8 0.0 9 0.0 10 0.0 
50 26 0.0  Commodities: 0 0.0 1 0.0 2 0.0 3 0.0 4 0.0 5 0.0 6 0.0 7 10.273889846137784 8 0.0 9 0.0 10 3.1376051676517834E-6 
27 28 2.6690672506793334  Commodities: 0 1.5272808761636836 1 0.0 2 0.0 3 0.0 4 0.0 5 0.0 6 0.0 7 0.0 8 0.0 9 0.0 10 0.0 
28 27 9.50894981489023  Commodities: 0 0.0 1 0.0 2 0.0 3 0.0 4 0.0 5 0.0 6 1.3186364403514463E-6 7 3.691207135976365 8 0.0 9 0.0 10 0.0 
27 51 0.0  Commodities: 0 0.0 1 0.0 2 0.0 3 0.0 4 0.0 5 0.0 6 0.0 7 0.0 8 0.0 9 0.0 10 0.0 
51 27 0.0  Commodities: 0 1.5272809108881655 1 0.0 2 0.0 3 0.0 4 0.0 5 0.0 6 0.0 7 0.0 8 0.0 9 0.0 10 0.28482920381458704 
28 29 0.0  Commodities: 0 5.423791973777845 1 0.0 2 0.0 3 0.0 4 0.0 5 0.0 6 0.0 7 0.0 8 0.0 9 0.0 10 0.0 
29 28 0.0  Commodities: 0 0.0 1 11.513261753145988 2 0.0 3 0.0 4 0.0 5 0.0 6 6.952659523576333E-6 7 5.726110133252676 8 0.0 9 0.0 10 0.0 
28 52 0.0  Commodities: 0 0.0 1 11.513261716412897 2 0.0 3 0.0 4 0.0 5 0.0 6 0.0 7 0.0 8 19.401424109253366 9 0.0 10 0.0 
52 28 0.0  Commodities: 0 3.8965109008367325 1 0.0 2 0.0 3 0.0 4 0.0 5 0.0 6 0.0 7 0.0 8 0.0 9 0.0 10 0.0 
29 30 0.0  Commodities: 0 5.423791982640348 1 29.589238772063812 2 0.0 3 0.0 4 0.0 5 0.0 6 0.0 7 0.0 8 0.0 9 0.0 10 0.0 
30 29 0.7223113205024383  Commodities: 0 0.0 1 0.0 2 0.0 3 0.0 4 0.0 5 0.0 6 0.0 7 4.787277051170127 8 0.0 9 0.0 10 0.0 
29 53 12.075934230659357  Commodities: 0 0.0 1 1.0844563652562993 2 0.0 3 0.0 4 0.0 5 0.0 6 0.0 7 0.0 8 0.0 9 0.0 10 0.0 
53 29 0.0  Commodities: 0 0.0 1 0.0 2 0.0 3 0.0 4 0.0 5 0.0 6 6.938664460752757E-6 7 0.9388330795305023 8 0.0 9 0.0 10 0.0 
30 31 11.616199807121916  Commodities: 0 0.0 1 17.48334925546356 2 0.0 3 0.0 4 0.0 5 0.0 6 0.0 7 0.0 8 0.0 9 0.0 10 0.0 
31 30 0.0  Commodities: 0 0.0 1 0.0 2 0.0 3 0.0 4 0.0 5 0.0 6 0.0 7 4.787277043226693 8 0.0 9 0.0 10 0.0 
30 54 12.665732657842057  Commodities: 0 0.0 1 4.070419217614553 2 0.0 3 0.0 4 0.0 5 0.0 6 0.0 7 0.0 8 0.0 9 0.0 10 0.0 
54 30 0.0  Commodities: 0 46.57620801614163 1 0.0 2 0.0 3 0.0 4 0.0 5 0.0 6 0.0 7 0.0 8 0.0 9 0.0 10 0.0 
31 32 0.0  Commodities: 0 0.0 1 24.138021785622133 2 0.0 3 0.0 4 0.0 5 0.0 6 0.0 7 0.0 8 3.9405786790137958 9 0.0 10 6.636994352338701 
32 31 0.0  Commodities: 0 0.0 1 0.0 2 0.0 3 0.0 4 1.927893364957133 5 0.0 6 0.0 7 4.787277054662387 8 0.0 9 0.0 10 0.0 
31 55 0.0  Commodities: 0 0.0 1 0.0 2 0.0 3 0.0 4 0.0 5 0.0 6 0.0 7 0.0 8 0.0 9 0.0 10 0.0 
55 31 5.786390906461492  Commodities: 0 0.0 1 0.0 2 0.0 3 0.0 4 0.0 5 0.0 6 0.0 7 0.0 8 0.0 9 0.0 10 6.587056924147209 
32 33 2.3871373234877638  Commodities: 0 0.0 1 32.83788117803018 2 0.0 3 0.0 4 0.0 5 0.0 6 0.0 7 0.0 8 7.2957646528579865 9 0.0 10 12.177943745657716 
33 32 0.0  Commodities: 0 0.0 1 0.0 2 0.0 3 0.0 4 9.471478675804772 5 0.0 6 0.0 7 2.7423376724945245 8 0.0 9 0.0 10 0.0 
32 56 0.0  Commodities: 0 0.0 1 2.8103677638112883 2 0.0 3 0.0 4 0.0 5 0.0 6 0.0 7 0.0 8 0.0 9 0.0 10 0.0 
56 32 2.4863765890696357  Commodities: 0 0.0 1 0.0 2 0.0 3 0.0 4 3.4831186153067533 5 0.0 6 0.0 7 2.0449393837895506 8 0.0 9 0.0 10 5.478351913746545 
33 34 0.7840329151165122  Commodities: 0 0.0 1 22.3680516418381 2 0.0 3 0.0 4 0.0 5 0.0 6 0.0 7 0.0 8 7.8073972772368805 9 0.0 10 20.98523021537892 
34 33 9.162795091802861  Commodities: 0 0.0 1 0.0 2 0.0 3 0.0 4 10.288118940638181 5 0.0 6 0.0 7 2.7423376686976355 8 0.0 9 0.0 10 0.0 
33 57 4.395802109517433  Commodities: 0 0.0 1 11.020756270556479 2 0.0 3 0.0 4 0.0 5 0.0 6 0.0 7 0.0 8 0.0 9 0.0 10 0.0 
57 33 0.0  Commodities: 0 0.0 1 0.0 2 0.0 3 0.0 4 0.0 5 0.0 6 0.0 7 0.0 8 0.0 9 0.0 10 8.725893565396422 
34 35 0.0  Commodities: 0 0.0 1 3.342227752668639 2 0.0 3 0.0 4 0.0 5 0.0 6 0.0 7 0.0 8 2.4364954986551033 9 0.0 10 10.569633695144484 
35 34 0.0  Commodities: 0 0.0 1 0.0 2 0.0 3 0.0 4 10.288118918308179 5 0.0 6 0.0 7 2.7423375965494907 8 0.0 9 0.0 10 0.0 
34 58 1.6228911020930923  Commodities: 0 0.0 1 14.645437782716504 2 0.0 3 0.0 4 0.0 5 0.0 6 0.0 7 0.0 8 0.0 9 0.0 10 0.0 
58 34 0.0  Commodities: 0 0.0 1 0.0 2 0.0 3 0.0 4 0.0 5 0.0 6 0.0 7 0.0 8 0.0 9 0.0 10 16.48565746328867 
35 36 2.9211287134995274  Commodities: 0 0.0 1 20.988790576400703 2 0.0 3 0.0 4 0.0 5 0.0 6 0.0 7 0.0 8 9.481327273620586 9 0.0 10 35.77547629613403 
36 35 0.0  Commodities: 0 0.0 1 0.0 2 0.0 3 0.0 4 11.27535534581598 5 0.0 6 0.0 7 0.0 8 0.0 9 0.0 10 0.0 
35 59 0.0  Commodities: 0 0.0 1 1.3598215445485453 2 0.0 3 0.0 4 0.0 5 0.0 6 0.0 7 0.0 8 0.0 9 0.0 10 0.0 
59 35 0.48575866452160454  Commodities: 0 0.0 1 0.0 2 0.0 3 0.0 4 0.0 5 0.0 6 0.0 7 2.742337666004661 8 0.0 9 0.0 10 0.8423527058207277 
36 37 0.0  Commodities: 0 0.0 1 20.209989547748965 2 0.0 3 11.864388777191929 4 0.0 5 0.0 6 0.0 7 0.0 8 11.598575811844627 9 0.0 10 0.0 
37 36 0.0  Commodities: 0 0.0 1 0.0 2 0.0 3 0.0 4 23.309336432928408 5 0.0 6 0.0 7 0.0 8 0.0 9 0.0 10 0.0 
36 60 5.000124462394368  Commodities: 0 0.0 1 3.2854897517313595 2 0.0 3 0.0 4 0.0 5 0.0 6 0.0 7 0.0 8 0.0 9 0.0 10 0.0 
60 36 0.0  Commodities: 0 0.0 1 0.0 2 0.0 3 0.0 4 0.0 5 0.0 6 0.0 7 0.0 8 0.0 9 0.0 10 19.595855020115096 
37 38 0.0  Commodities: 0 0.0 1 12.166370159526764 2 18.455918266617946 3 23.48045934360195 4 0.0 5 0.0 6 0.0 7 0.0 8 11.59857582822332 9 0.0 10 0.0 
38 37 0.0  Commodities: 0 0.0 1 0.0 2 0.0 3 0.0 4 21.517929218394393 5 0.0 6 0.0 7 0.0 8 0.0 9 0.0 10 0.0 
37 61 4.211030880118841  Commodities: 0 0.0 1 8.043619397176085 2 0.0 3 0.0 4 0.0 5 0.0 6 0.0 7 0.0 8 0.0 9 0.0 10 0.0 
61 37 0.0  Commodities: 0 0.0 1 0.0 2 18.45591824766115 3 0.0 4 3.273209578886182 5 0.0 6 0.0 7 0.0 8 0.0 9 0.0 10 0.0 
38 39 7.897804961600343  Commodities: 0 0.0 1 0.0 2 18.45590347076223 3 50.64219618744378 4 0.0 5 0.0 6 0.0 7 0.0 8 6.819522123631819 9 0.0 10 0.0 
39 38 1.3627634989835968  Commodities: 0 0.0 1 0.0 2 0.0 3 0.0 4 20.090214078605076 5 0.0 6 0.0 7 0.0 8 0.0 9 0.0 10 0.0 
38 62 0.0  Commodities: 0 0.0 1 12.16637016381002 2 1.4803166505381396E-5 3 0.0 4 0.0 5 0.0 6 0.0 7 0.0 8 4.77905371402438 9 0.0 10 0.0 
62 38 0.0  Commodities: 0 0.0 1 0.0 2 0.0 3 0.0 4 1.4277151454663495 5 0.0 6 0.0 7 0.0 8 0.0 9 0.0 10 0.0 
39 40 2.2456437801509423  Commodities: 0 0.0 1 0.0 2 14.987009613356754 3 72.16169847993602 4 0.0 5 0.0 6 0.0 7 0.0 8 1.6943707448069787 9 0.0 10 0.0 
40 39 2.0915673826363985  Commodities: 0 0.0 1 0.0 2 0.0 3 0.0 4 5.0911312417911665 5 0.0 6 0.0 7 0.0 8 0.0 9 0.0 10 0.0 
39 63 0.0  Commodities: 0 0.0 1 0.0 2 1.637014799266384E-5 3 0.0 4 0.0 5 0.0 6 0.0 7 0.0 8 5.1251513830070135 9 0.0 10 0.0 
63 39 0.0  Commodities: 0 0.0 1 0.0 2 0.0 3 0.0 4 14.999082840456449 5 0.0 6 0.0 7 0.0 8 0.0 9 0.0 10 0.0 
40 41 6.8545559914522585  Commodities: 0 0.0 1 0.0 2 14.986992375361444 3 0.0 4 0.0 5 0.0 6 0.0 7 0.0 8 0.0 9 0.0 10 0.0 
41 40 0.0  Commodities: 0 0.0 1 0.0 2 0.0 3 0.0 4 1.8108598570362826 5 0.0 6 0.0 7 0.0 8 0.0 9 0.0 10 0.0 
40 64 0.0  Commodities: 0 0.0 1 0.0 2 1.7241852821665805E-5 3 0.0 4 0.0 5 0.0 6 0.0 7 0.0 8 1.69437074810701 9 0.0 10 0.0 
64 40 0.13580841122526977  Commodities: 0 0.0 1 0.0 2 0.0 3 0.0 4 4.006013939758953 5 0.0 6 0.0 7 0.0 8 0.0 9 0.0 10 0.0 
41 42 0.0  Commodities: 0 0.0 1 0.0 2 15.771410880440738 3 0.0 4 0.0 5 0.0 6 0.0 7 0.0 8 0.0 9 0.0 10 0.0 
42 41 0.0  Commodities: 0 0.0 1 0.0 2 0.0 3 0.0 4 0.0 5 0.0 6 0.0 7 0.0 8 0.0 9 0.0 10 0.0 
41 65 0.0  Commodities: 0 0.0 1 0.0 2 0.0 3 0.0 4 0.0 5 0.0 6 0.0 7 0.0 8 0.0 9 0.0 10 0.0 
65 41 0.0  Commodities: 0 0.0 1 0.0 2 6.941589858385457 3 0.0 4 1.810859867029864 5 0.0 6 0.0 7 0.0 8 0.0 9 0.0 10 0.0 
42 43 0.0  Commodities: 0 0.0 1 0.0 2 9.131021622064381 3 0.0 4 0.0 5 0.0 6 0.0 7 0.0 8 0.0 9 0.0 10 0.0 
43 42 0.0  Commodities: 0 0.0 1 0.0 2 0.0 3 0.0 4 0.0 5 0.0 6 0.0 7 0.0 8 0.0 9 0.0 10 0.0 
42 66 0.0  Commodities: 0 0.0 1 0.0 2 0.0 3 0.0 4 0.0 5 0.0 6 0.0 7 0.0 8 0.0 9 0.0 10 0.0 
66 42 0.0  Commodities: 0 0.0 1 0.0 2 0.0 3 0.0 4 0.0 5 0.0 6 0.0 7 0.0 8 0.0 9 0.0 10 0.0 
43 44 2.273242163867053  Commodities: 0 0.0 1 0.0 2 4.116332242292769 3 0.0 4 0.0 5 0.0 6 0.0 7 0.0 8 0.0 9 0.0 10 0.0 
44 43 0.0  Commodities: 0 0.0 1 0.0 2 0.0 3 0.0 4 0.0 5 0.0 6 0.0 7 0.0 8 0.0 9 0.0 10 0.0 
43 67 0.0  Commodities: 0 0.0 1 0.0 2 0.0 3 0.0 4 0.0 5 0.0 6 0.0 7 0.0 8 0.0 9 0.0 10 0.0 
67 43 0.0  Commodities: 0 0.0 1 0.0 2 1.912255349003516E-6 3 0.0 4 0.0 5 0.0 6 0.0 7 0.0 8 0.0 9 0.0 10 0.0 
44 45 1.070290083194834  Commodities: 0 0.0 1 0.0 2 8.6254990363233 3 0.0 4 0.0 5 0.0 6 0.0 7 0.0 8 0.0 9 0.0 10 0.0 
45 44 0.0  Commodities: 0 0.0 1 0.0 2 0.0 3 0.0 4 0.0 5 0.0 6 0.0 7 0.0 8 0.0 9 0.0 10 0.0 
44 68 0.0  Commodities: 0 0.0 1 0.0 2 4.666579716243889 3 0.0 4 0.0 5 0.0 6 0.0 7 0.0 8 0.0 9 0.0 10 0.0 
68 44 0.0  Commodities: 0 0.0 1 0.0 2 0.0 3 0.0 4 0.0 5 0.0 6 0.0 7 0.0 8 0.0 9 0.0 10 0.0 
45 46 0.0  Commodities: 0 0.0 1 0.0 2 6.782545359171888 3 0.0 4 0.0 5 0.0 6 0.0 7 0.0 8 0.0 9 0.0 10 0.0 
46 45 0.0  Commodities: 0 0.0 1 0.0 2 0.0 3 0.0 4 0.0 5 0.0 6 0.0 7 0.0 8 0.0 9 0.0 10 0.0 
45 69 0.0  Commodities: 0 0.0 1 0.0 2 5.416415800082149 3 0.0 4 0.0 5 0.0 6 0.0 7 0.0 8 0.0 9 0.0 10 0.0 
69 45 0.0  Commodities: 0 0.0 1 0.0 2 0.0 3 0.0 4 0.0 5 0.0 6 0.0 7 0.0 8 0.0 9 0.0 10 0.0 
46 47 0.0  Commodities: 0 0.0 1 0.0 2 2.3991570498301367 3 0.0 4 0.0 5 0.0 6 0.0 7 0.0 8 0.0 9 0.0 10 0.0 
47 46 0.0  Commodities: 0 0.0 1 0.0 2 0.0 3 0.0 4 0.0 5 0.0 6 0.0 7 0.0 8 0.0 9 0.0 10 0.0 
46 70 0.3429730242207256  Commodities: 0 0.0 1 0.0 2 4.383388260520779 3 0.0 4 0.0 5 0.0 6 0.0 7 0.0 8 0.0 9 0.0 10 0.0 
70 46 0.0  Commodities: 0 0.0 1 0.0 2 0.0 3 0.0 4 0.0 5 0.0 6 0.0 7 0.0 8 0.0 9 0.0 10 0.0 
47 71 4.962239858649525  Commodities: 0 0.0 1 0.0 2 10.931077835912346 3 0.0 4 0.0 5 0.0 6 0.0 7 0.0 8 0.0 9 0.0 10 0.0 
71 47 0.0  Commodities: 0 0.0 1 0.0 2 0.0 3 0.0 4 0.0 5 0.0 6 0.0 7 0.0 8 0.0 9 0.0 10 0.0 
48 49 0.0  Commodities: 0 0.0 1 0.0 2 0.0 3 0.0 4 0.0 5 0.0 6 0.0 7 0.0 8 0.0 9 0.0 10 0.0 
49 48 0.0  Commodities: 0 0.0 1 0.0 2 0.0 3 0.0 4 0.0 5 0.0 6 0.0 7 0.0 8 0.0 9 0.0 10 0.0 
48 72 0.0  Commodities: 0 0.0 1 0.0 2 0.0 3 0.0 4 0.0 5 0.0 6 0.0 7 0.0 8 0.0 9 0.0 10 0.0 
72 48 0.0  Commodities: 0 0.0 1 0.0 2 0.0 3 0.0 4 0.0 5 0.0 6 0.0 7 0.0 8 0.0 9 0.0 10 0.0 
49 50 0.0  Commodities: 0 0.0 1 0.0 2 0.0 3 0.0 4 0.0 5 0.0 6 0.0 7 0.0 8 0.0 9 0.0 10 0.0 
50 49 0.0  Commodities: 0 0.0 1 0.0 2 0.0 3 0.0 4 0.0 5 0.0 6 0.5905626779779982 7 0.0 8 0.0 9 0.0 10 0.0 
49 73 0.0  Commodities: 0 0.0 1 0.0 2 0.0 3 0.0 4 0.0 5 0.0 6 0.5905703615701287 7 0.0 8 0.0 9 0.0 10 0.0 
73 49 0.0  Commodities: 0 0.0 1 0.0 2 0.0 3 0.0 4 0.0 5 0.0 6 0.0 7 0.0 8 0.0 9 0.0 10 0.0 
50 51 0.0  Commodities: 0 0.0 1 0.0 2 0.0 3 0.0 4 0.0 5 0.0 6 0.0 7 0.0 8 0.0 9 0.0 10 0.0 
51 50 0.0  Commodities: 0 0.0 1 0.0 2 0.0 3 0.0 4 0.0 5 0.0 6 4.298167807761562 7 10.273889829408345 8 0.0 9 24.999999767743564 10 3.1208837337684124E-6 
50 74 1.9877925395944658  Commodities: 0 0.0 1 0.0 2 0.0 3 0.0 4 0.0 5 0.0 6 3.707604415658724 7 0.0 8 0.0 9 0.0 10 0.0 
74 50 0.0  Commodities: 0 0.0 1 0.0 2 0.0 3 0.0 4 0.0 5 0.0 6 0.0 7 0.0 8 0.0 9 0.0 10 0.0 
51 52 0.0  Commodities: 0 50.47271889780961 1 0.0 2 0.0 3 0.0 4 0.0 5 0.0 6 0.0 7 0.0 8 0.0 9 0.0 10 0.8103714396032321 
52 51 0.0  Commodities: 0 0.0 1 0.0 2 0.0 3 0.0 4 0.0 5 0.0 6 6.150683896316769 7 10.273889809666093 8 0.0 9 24.39341943204825 10 0.0 
51 75 0.0  Commodities: 0 0.0 1 0.0 2 0.0 3 0.0 4 0.0 5 0.0 6 1.8525160829604843 7 0.0 8 0.0 9 0.0 10 0.0 
75 51 0.0  Commodities: 0 0.0 1 0.0 2 0.0 3 0.0 4 0.0 5 0.0 6 0.0 7 0.0 8 0.0 9 0.606580340986377 10 1.0952037651127273 
52 53 1.1325113032283838  Commodities: 0 46.57620797013552 1 11.513261694449291 2 0.0 3 0.0 4 0.0 5 0.0 6 0.0 7 0.0 8 19.40142408048782 9 0.0 10 0.8103714213371708 
53 52 7.836973707121402  Commodities: 0 0.0 1 0.0 2 0.0 3 0.0 4 0.0 5 0.0 6 6.150683886118593 7 10.273889791678851 8 0.0 9 22.153526532006268 10 0.0 
52 76 0.0  Commodities: 0 0.0 1 0.0 2 0.0 3 0.0 4 0.0 5 0.0 6 0.0 7 0.0 8 0.0 9 0.0 10 0.0 
76 52 0.0  Commodities: 0 0.0 1 0.0 2 0.0 3 0.0 4 0.0 5 0.0 6 0.0 7 0.0 8 0.0 9 2.2398929002809402 10 0.0 
53 54 0.0  Commodities: 0 46.57620801060785 1 12.597718090783458 2 0.0 3 0.0 4 0.0 5 0.0 6 0.0 7 0.0 8 19.401424113825044 9 0.0 10 22.246543406076988 
54 53 0.0  Commodities: 0 0.0 1 0.0 2 0.0 3 0.0 4 0.0 5 0.0 6 13.999999975730171 7 11.212722922014814 8 0.0 9 22.15352675169375 10 0.0 
53 77 0.0  Commodities: 0 0.0 1 0.0 2 0.0 3 0.0 4 0.0 5 0.0 6 7.849309155841308 7 0.0 8 0.0 9 0.0 10 0.0 
77 53 0.0  Commodities: 0 0.0 1 0.0 2 0.0 3 0.0 4 0.0 5 0.0 6 0.0 7 0.0 8 0.0 9 0.0 10 21.43617199082189 
54 55 0.0  Commodities: 0 0.0 1 15.94459875250647 2 0.0 3 0.0 4 0.0 5 0.0 6 0.0 7 0.0 8 18.683657496634854 9 0.0 10 22.16273043512691 
55 54 0.0  Commodities: 0 0.0 1 0.0 2 0.0 3 0.0 4 0.0 5 0.0 6 13.999999996876888 7 11.212722933161926 8 0.0 9 20.90326615187257 10 0.0 
54 78 0.0  Commodities: 0 0.0 1 0.7235385597973208 2 0.0 3 0.0 4 0.0 5 0.0 6 0.0 7 0.0 8 0.7177666237831952 9 0.0 10 0.08381297362728175 
78 54 0.0  Commodities: 0 0.0 1 0.0 2 0.0 3 0.0 4 0.0 5 0.0 6 0.0 7 0.0 8 0.0 9 1.2502606144962898 10 0.0 
55 56 2.213404992025005  Commodities: 0 0.0 1 15.944598758428294 2 0.0 3 0.0 4 0.0 5 0.0 6 0.0 7 0.0 8 18.683657500965207 9 0.0 10 15.575673517161324 
56 55 0.0  Commodities: 0 0.0 1 0.0 2 0.0 3 0.0 4 0.0 5 0.0 6 0.0 7 11.212722925751143 8 0.0 9 0.0 10 0.0 
55 79 0.0  Commodities: 0 0.0 1 0.0 2 0.0 3 0.0 4 0.0 5 0.0 6 0.0 7 0.0 8 0.0 9 0.0 10 0.0 
79 55 0.0  Commodities: 0 0.0 1 0.0 2 0.0 3 0.0 4 0.0 5 0.0 6 0.0 7 0.0 8 0.0 9 20.903266153933423 10 0.0 
56 57 8.032321267440466  Commodities: 0 0.0 1 18.593190403134216 2 0.0 3 0.0 4 0.0 5 0.0 6 0.0 7 0.0 8 18.52085677229233 9 0.0 10 10.026349020566009 
57 56 0.0  Commodities: 0 0.0 1 0.0 2 0.0 3 0.0 4 0.0 5 0.0 6 0.0 7 12.500546004162507 8 0.0 9 0.0 10 0.0 
56 80 0.0  Commodities: 0 0.0 1 0.16177612808282252 2 0.0 3 0.0 4 0.0 5 0.0 6 0.0 7 0.0 8 0.16280074024494398 9 0.0 10 0.07097259460315986 
80 56 0.0  Commodities: 0 0.0 1 0.0 2 0.0 3 0.0 4 3.4831186000603105 5 0.0 6 0.0 7 0.7571163153190579 8 0.0 9 0.0 10 0.0 
57 58 0.0  Commodities: 0 0.0 1 29.754781446611513 2 1.4030716116997342 3 0.0 4 0.0 5 0.0 6 0.0 7 0.0 8 18.661999411922526 9 0.0 10 12.650281148521296 
58 57 8.90290447567245  Commodities: 0 0.0 1 0.0 2 0.0 3 0.0 4 0.0 5 0.0 6 0.0 7 12.500546012296926 8 0.0 9 0.0 10 0.0 
57 81 0.0  Commodities: 0 0.0 1 0.0 2 0.0 3 0.0 4 0.0 5 0.0 6 0.0 7 0.0 8 0.0 9 0.0 10 0.0 
81 57 0.0  Commodities: 0 0.0 1 0.14083477678281076 2 1.4030716709737576 3 0.0 4 0.0 5 0.0 6 0.0 7 0.0 8 0.14114264091638354 9 0.0 10 11.3498256939819 
58 59 0.855023358967145  Commodities: 0 0.0 1 44.5736628948873 2 2.0746812694355947 3 0.0 4 0.0 5 0.0 6 0.0 7 0.0 8 18.83658944887265 9 0.0 10 1.6532565869862317 
59 58 0.0  Commodities: 0 0.0 1 0.0 2 0.0 3 0.0 4 0.0 5 0.0 6 0.0 7 12.500594670820822 8 0.0 9 0.0 10 0.0 
58 82 0.0  Commodities: 0 0.0 1 0.0 2 0.0 3 0.0 4 0.0 5 0.0 6 0.0 7 4.8658401831351E-5 8 0.0 9 0.0 10 0.0 
82 58 0.9907141402822219  Commodities: 0 0.0 1 0.17344367255259444 2 0.6716096901992269 3 0.0 4 0.0 5 0.0 6 0.0 7 0.0 8 0.17459004127480462 9 0.0 10 5.488632905527728 
59 60 1.8327336215702275  Commodities: 0 0.0 1 3.2983099906195292 2 1.6858877246356205 3 0.0 4 0.0 5 0.0 6 0.0 7 0.0 8 4.323585396816787 9 0.0 10 0.5395020856980676 
60 59 1.6161501646012937  Commodities: 0 0.0 1 0.0 2 0.0 3 0.0 4 0.0 5 0.0 6 0.0 7 15.242932343355632 8 0.0 9 0.0 10 0.0 
59 83 0.0  Commodities: 0 0.0 1 42.63517445253487 2 0.3887935486257606 3 0.0 4 0.0 5 0.0 6 0.0 7 0.0 8 14.513004059905947 9 0.0 10 0.2714018037411604 
83 59 0.0  Commodities: 0 0.0 1 0.0 2 0.0 3 0.0 4 0.0 5 0.0 6 0.0 7 0.0 8 0.0 9 0.0 10 0.0 
60 61 0.0  Commodities: 0 0.0 1 7.055946834907948 2 23.9045040920977 3 0.0 4 0.0 5 0.0 6 0.0 7 0.0 8 4.8180533274151776 9 0.0 10 0.0 
61 60 0.0  Commodities: 0 0.0 1 0.0 2 0.0 3 0.0 4 0.0 5 9.648763279927268 6 0.0 7 0.0 8 0.0 9 0.0 10 0.0 
60 84 0.0  Commodities: 0 0.0 1 0.0 2 0.0 3 0.0 4 0.0 5 9.64876329617972 6 0.0 7 0.7570676490529441 8 0.0 9 0.0 10 0.0 
84 60 0.0  Commodities: 0 0.0 1 0.4721470991459527 2 22.218616376443162 3 0.0 4 0.0 5 0.0 6 0.0 7 0.0 8 0.4944679346912913 9 0.0 10 19.05635293816086 
61 62 0.6577849190690586  Commodities: 0 0.0 1 0.0 2 5.000953041989224 3 0.0 4 0.0 5 0.0 6 0.0 7 0.0 8 0.0 9 0.0 10 0.0 
62 61 3.5221030733478926  Commodities: 0 0.0 1 0.0 2 0.0 3 0.0 4 3.273210069864764 5 9.648763279960386 6 0.0 7 0.0 8 0.0 9 0.0 10 0.0 
61 85 0.0  Commodities: 0 0.0 1 15.099566229486348 2 0.4476328135825792 3 0.0 4 0.0 5 0.0 6 0.0 7 0.0 8 4.8180533101503 9 0.0 10 0.0 
85 61 0.0  Commodities: 0 0.0 1 0.0 2 0.0 3 0.0 4 0.0 5 0.0 6 0.0 7 0.0 8 0.0 9 0.0 10 0.0 
62 63 7.675154239486062  Commodities: 0 0.0 1 0.0 2 5.000967839579808 3 0.0 4 0.0 5 0.0 6 0.0 7 0.0 8 4.779053715716093 9 0.0 10 0.0 
63 62 4.231598477519221  Commodities: 0 0.0 1 0.0 2 0.0 3 0.0 4 3.452087791847174 5 9.648763239154261 6 0.0 7 0.0 8 0.0 9 0.0 10 0.0 
62 86 7.227393112854344  Commodities: 0 0.0 1 12.166370157641646 2 0.0 3 0.0 4 0.0 5 0.0 6 0.0 7 0.0 8 0.0 9 0.0 10 0.0 
86 62 0.0  Commodities: 0 0.0 1 0.0 2 0.0 3 0.0 4 1.2488374192384342 5 0.0 6 0.0 7 0.0 8 0.0 9 0.0 10 0.0 
63 64 0.0  Commodities: 0 0.0 1 0.0 2 7.3183022731694525 3 0.0 4 0.0 5 0.0 6 0.0 7 0.0 8 9.904205102854565 9 0.0 10 0.0 
64 63 6.380517608694632  Commodities: 0 0.0 1 0.0 2 0.0 3 0.0 4 18.451170665414683 5 0.0 6 0.0 7 0.0 8 0.0 9 0.0 10 0.0 
63 87 0.0  Commodities: 0 0.0 1 0.0 2 0.0 3 0.0 4 0.0 5 4.351236744114008 6 0.0 7 0.0 8 0.0 9 0.0 10 0.0 
87 63 0.0  Commodities: 0 0.0 1 0.0 2 2.317318067239161 3 0.0 4 0.0 5 0.0 6 0.0 7 0.0 8 0.0 9 0.0 10 0.0 
64 65 0.0  Commodities: 0 0.0 1 0.0 2 7.489056485195509 3 0.0 4 0.0 5 0.0 6 0.0 7 0.0 8 11.59857585101612 9 0.0 10 0.0 
65 64 0.0  Commodities: 0 0.0 1 0.0 2 0.0 3 0.0 4 23.731519004710265 5 0.0 6 0.0 7 0.0 8 0.0 9 0.0 10 0.0 
64 88 0.0  Commodities: 0 0.0 1 0.0 2 0.0 3 0.0 4 1.2743344088190591 5 0.0 6 0.0 7 0.0 8 0.0 9 0.0 10 0.0 
88 64 0.0  Commodities: 0 0.0 1 0.0 2 0.1707369798057798 3 0.0 4 0.0 5 0.0 6 0.0 7 0.0 8 0.0 9 0.0 10 0.0 
65 66 4.293563747474195  Commodities: 0 0.0 1 0.0 2 0.5474666646760058 3 0.0 4 0.0 5 0.0 6 0.0 7 0.0 8 0.0 9 0.0 10 0.0 
66 65 0.0  Commodities: 0 0.0 1 0.0 2 0.0 3 0.0 4 0.0 5 0.0 6 0.0 7 0.0 8 0.0 9 0.0 10 0.0 
65 89 0.0  Commodities: 0 0.0 1 0.0 2 0.0 3 0.0 4 3.457621141044824 5 0.0 6 0.0 7 0.0 8 11.598575865239745 9 0.0 10 0.0 
89 65 0.0  Commodities: 0 0.0 1 0.0 2 0.0 3 0.0 4 0.0 5 0.0 6 0.0 7 0.0 8 0.0 9 0.0 10 0.0 
66 67 0.0  Commodities: 0 0.0 1 0.0 2 15.003130459361163 3 0.0 4 0.0 5 0.0 6 0.0 7 0.0 8 0.0 9 0.0 10 0.0 
67 66 0.0  Commodities: 0 0.0 1 0.0 2 0.0 3 0.0 4 0.0 5 0.0 6 0.0 7 0.0 8 0.0 9 0.0 10 0.0 
66 90 0.0  Commodities: 0 0.0 1 0.0 2 0.0 3 0.0 4 0.0 5 0.0 6 0.0 7 0.0 8 0.0 9 0.0 10 0.0 
90 66 0.0  Commodities: 0 0.0 1 0.0 2 14.455663704830465 3 0.0 4 0.0 5 0.0 6 0.0 7 0.0 8 0.0 9 0.0 10 0.0 
67 68 2.0283044610092134  Commodities: 0 0.0 1 0.0 2 13.27601527939382 3 0.0 4 0.0 5 0.0 6 0.0 7 0.0 8 0.0 9 0.0 10 0.0 
68 67 0.0  Commodities: 0 0.0 1 0.0 2 0.0 3 0.0 4 0.0 5 0.0 6 0.0 7 0.0 8 0.0 9 0.0 10 0.0 
67 91 0.0  Commodities: 0 0.0 1 0.0 2 1.7271132904113562 3 0.0 4 0.0 5 0.0 6 0.0 7 0.0 8 0.0 9 0.0 10 0.0 
91 67 0.0  Commodities: 0 0.0 1 0.0 2 0.0 3 0.0 4 0.0 5 0.0 6 0.0 7 0.0 8 0.0 9 0.0 10 0.0 
68 69 3.439785047631574  Commodities: 0 0.0 1 0.0 2 17.271758451814808 3 0.0 4 0.0 5 0.0 6 0.0 7 0.0 8 0.0 9 0.0 10 0.0 
69 68 0.0  Commodities: 0 0.0 1 0.0 2 0.0 3 0.0 4 0.0 5 0.0 6 0.0 7 0.0 8 0.0 9 0.0 10 0.0 
68 92 0.0  Commodities: 0 0.0 1 0.0 2 0.6708365463515379 3 0.0 4 0.0 5 0.0 6 0.0 7 0.0 8 0.0 9 0.0 10 0.0 
92 68 0.0  Commodities: 0 0.0 1 0.0 2 0.0 3 0.0 4 0.0 5 0.0 6 0.0 7 0.0 8 0.0 9 0.0 10 0.0 
69 70 3.0727024926329705  Commodities: 0 0.0 1 0.0 2 26.281714120272852 3 0.0 4 0.0 5 0.0 6 0.0 7 0.0 8 0.0 9 0.0 10 0.0 
70 69 0.0  Commodities: 0 0.0 1 0.0 2 0.0 3 0.0 4 0.0 5 0.0 6 0.0 7 0.0 8 0.0 9 0.0 10 0.0 
69 93 0.0  Commodities: 0 0.0 1 0.0 2 0.0 3 0.0 4 0.0 5 0.0 6 0.0 7 0.0 8 0.0 9 0.0 10 0.0 
93 69 0.0  Commodities: 0 0.0 1 0.0 2 3.593539886274358 3 0.0 4 0.0 5 0.0 6 0.0 7 0.0 8 0.0 9 0.0 10 0.0 
70 71 0.37927166571603266  Commodities: 0 0.0 1 0.0 2 32.57395072812006 3 0.0 4 0.0 5 0.0 6 0.0 7 0.0 8 0.0 9 0.0 10 0.0 
71 70 0.0  Commodities: 0 0.0 1 0.0 2 0.0 3 0.0 4 0.0 5 0.0 6 0.0 7 0.0 8 0.0 9 0.0 10 0.0 
70 94 0.0  Commodities: 0 0.0 1 0.0 2 0.0 3 0.0 4 0.0 5 0.0 6 0.0 7 0.0 8 0.0 9 0.0 10 0.0 
94 70 0.0  Commodities: 0 0.0 1 0.0 2 1.9088483704433836 3 0.0 4 0.0 5 0.0 6 0.0 7 0.0 8 0.0 9 0.0 10 0.0 
71 95 0.0  Commodities: 0 0.0 1 0.0 2 0.0 3 0.0 4 0.0 5 0.0 6 0.0 7 0.0 8 0.0 9 0.0 10 0.0 
95 71 0.0  Commodities: 0 0.0 1 0.0 2 6.494971446416017 3 0.0 4 0.0 5 0.0 6 0.0 7 0.0 8 0.0 9 0.0 10 0.0 
72 73 0.0  Commodities: 0 0.0 1 0.0 2 0.0 3 0.0 4 0.0 5 0.0 6 0.0 7 0.0 8 0.0 9 0.0 10 0.0 
73 72 0.0  Commodities: 0 0.0 1 0.0 2 0.0 3 0.0 4 0.0 5 0.0 6 0.0 7 0.0 8 0.0 9 0.0 10 0.0 
73 74 0.0  Commodities: 0 0.0 1 0.0 2 0.0 3 0.0 4 0.0 5 0.0 6 0.5905703961291401 7 0.0 8 0.0 9 0.0 10 0.0 
74 73 0.0  Commodities: 0 0.0 1 0.0 2 0.0 3 0.0 4 0.0 5 0.0 6 0.0 7 0.0 8 0.0 9 0.0 10 0.0 
74 75 0.0  Commodities: 0 0.0 1 0.0 2 0.0 3 0.0 4 0.0 5 0.0 6 0.0 7 0.0 8 0.0 9 0.0 10 0.0 
75 74 6.910114492079018  Commodities: 0 0.0 1 0.0 2 0.0 3 0.0 4 0.0 5 0.0 6 9.701825228533787 7 0.0 8 0.0 9 0.0 10 0.0 
75 76 0.4364587210067831  Commodities: 0 0.0 1 0.0 2 0.0 3 0.0 4 0.0 5 0.0 6 0.0 7 0.0 8 0.0 9 0.0 10 56.904796157933234 
76 75 2.1979706095543463  Commodities: 0 0.0 1 0.0 2 0.0 3 0.0 4 0.0 5 0.0 6 7.849309157104549 7 0.0 8 0.0 9 0.6065803466290929 10 0.0 
76 77 0.0  Commodities: 0 0.0 1 0.0 2 0.0 3 0.0 4 0.0 5 0.0 6 0.0 7 0.0 8 0.0 9 0.0 10 56.90479617049287 
77 76 1.5981830007271256  Commodities: 0 0.0 1 0.0 2 0.0 3 0.0 4 0.0 5 0.0 6 7.849309165796504 7 0.0 8 0.0 9 2.8464732447971537 10 0.0 
77 78 5.021033453365533  Commodities: 0 0.0 1 0.0 2 0.0 3 0.0 4 0.0 5 0.0 6 0.0 7 0.0 8 0.0 9 0.0 10 35.46862418082152 
78 77 9.04989689451935  Commodities: 0 0.0 1 0.0 2 0.0 3 0.0 4 0.0 5 0.0 6 0.0 7 0.0 8 0.0 9 2.8464732357085496 10 0.0 
78 79 0.0  Commodities: 0 0.0 1 0.7235385793379829 2 0.0 3 0.0 4 0.0 5 0.0 6 0.0 7 0.0 8 0.7177666423652441 9 0.0 10 35.55243715100844 
79 78 2.8645973294617875  Commodities: 0 0.0 1 0.0 2 0.0 3 0.0 4 0.0 5 0.0 6 0.0 7 0.0 8 0.0 9 4.096733846509796 10 0.0 
79 80 0.0  Commodities: 0 0.0 1 0.7235385721308911 2 0.0 3 0.0 4 0.0 5 0.0 6 0.0 7 0.0 8 0.7177666351742558 9 0.0 10 35.55243714445798 
80 79 0.0  Commodities: 0 0.0 1 0.0 2 0.0 3 0.0 4 0.0 5 0.0 6 0.0 7 0.0 8 0.0 9 0.0 10 0.0 
80 81 0.0  Commodities: 0 0.0 1 0.8853146908839238 2 0.0 3 0.0 4 0.0 5 0.0 6 0.0 7 0.0 8 0.8805673660811424 9 0.0 10 35.62340973027756 
81 80 0.0  Commodities: 0 0.0 1 0.0 2 0.0 3 0.0 4 3.4831185917326133 5 0.0 6 0.0 7 0.7571163134091986 8 0.0 9 0.0 10 0.0 
81 82 0.0  Commodities: 0 0.0 1 0.7444799146759501 2 48.59692833942925 3 0.0 4 0.0 5 0.0 6 0.0 7 0.0 8 0.7394247257265968 9 0.0 10 24.273584036882045 
82 81 0.0  Commodities: 0 0.0 1 0.0 2 0.0 3 0.0 4 3.4831185864760172 5 0.0 6 0.0 7 0.7571163073895917 8 0.0 9 0.0 10 0.0 
82 83 1.0545621286808853  Commodities: 0 0.0 1 0.5710362478438751 2 47.92531867809792 3 0.0 4 0.0 5 0.0 6 0.0 7 0.0 8 0.564834690165958 9 0.0 10 18.78495113727177 
83 82 0.0  Commodities: 0 0.0 1 0.0 2 0.0 3 0.0 4 3.483118183251694 5 0.0 6 0.0 7 0.757067653171876 8 0.0 9 0.0 10 0.0 
83 84 0.0  Commodities: 0 0.0 1 43.20621069529889 2 48.31411219310124 3 0.0 4 0.0 5 0.0 6 0.0 7 0.0 8 15.077838744923044 9 0.0 10 19.056352935969862 
84 83 0.0  Commodities: 0 0.0 1 0.0 2 0.0 3 0.0 4 3.4831181858938787 5 0.0 6 0.0 7 0.7570676466403513 8 0.0 9 0.0 10 0.0 
84 85 1.1225839265377573  Commodities: 0 0.0 1 42.73406359904909 2 26.0954958258622 3 0.0 4 0.0 5 0.0 6 0.0 7 0.0 8 14.583370812828525 9 0.0 10 0.0 
85 84 0.0  Commodities: 0 0.0 1 0.0 2 0.0 3 0.0 4 3.483118150689846 5 4.351236704661048 6 0.0 7 0.0 8 0.0 9 0.0 10 0.0 
85 86 0.0  Commodities: 0 0.0 1 57.83362982668378 2 26.54312863314428 3 0.0 4 0.0 5 0.0 6 0.0 7 0.0 8 19.401424121514218 9 0.0 10 0.0 
86 85 5.331096228120053  Commodities: 0 0.0 1 0.0 2 0.0 3 0.0 4 3.483118152546504 5 4.351236705624273 6 0.0 7 0.0 8 0.0 9 0.0 10 0.0 
86 87 0.0  Commodities: 0 0.0 1 0.0 2 26.543128632613513 3 0.0 4 0.0 5 0.0 6 0.0 7 0.0 8 19.40142412695023 9 0.0 10 0.0 
87 86 0.0  Commodities: 0 0.0 1 0.0 2 0.0 3 0.0 4 4.731955572438895 5 4.35123674463706 6 0.0 7 0.0 8 0.0 9 0.0 10 0.0 
87 88 3.4466321153786055  Commodities: 0 0.0 1 0.0 2 24.22581057955604 3 0.0 4 0.0 5 0.0 6 0.0 7 0.0 8 19.401424124364976 9 0.0 10 0.0 
88 87 0.0  Commodities: 0 0.0 1 0.0 2 0.0 3 0.0 4 4.7319555411366245 5 0.0 6 0.0 7 0.0 8 0.0 9 0.0 10 0.0 
88 89 8.557771465513099  Commodities: 0 0.0 1 0.0 2 24.055073599504368 3 0.0 4 0.0 5 0.0 6 0.0 7 0.0 8 19.401424115331686 9 0.0 10 0.0 
89 88 2.2029655839054243  Commodities: 0 0.0 1 0.0 2 0.0 3 0.0 4 3.457621132609682 5 0.0 6 0.0 7 0.0 8 0.0 9 0.0 10 0.0 
89 90 0.0  Commodities: 0 0.0 1 0.0 2 24.05507358169487 3 0.0 4 0.0 5 0.0 6 0.0 7 0.0 8 30.999999978879263 9 0.0 10 0.0 
90 89 0.0  Commodities: 0 0.0 1 0.0 2 0.0 3 0.0 4 0.0 5 0.0 6 0.0 7 0.0 8 0.0 9 0.0 10 0.0 
90 91 8.95370824038946  Commodities: 0 0.0 1 0.0 2 9.5994098720655 3 0.0 4 0.0 5 0.0 6 0.0 7 0.0 8 0.0 9 0.0 10 0.0 
91 90 0.0  Commodities: 0 0.0 1 0.0 2 0.0 3 0.0 4 0.0 5 0.0 6 0.0 7 0.0 8 0.0 9 0.0 10 0.0 
91 92 0.0  Commodities: 0 0.0 1 0.0 2 11.326523158243843 3 0.0 4 0.0 5 0.0 6 0.0 7 0.0 8 0.0 9 0.0 10 0.0 
92 91 0.0  Commodities: 0 0.0 1 0.0 2 0.0 3 0.0 4 0.0 5 0.0 6 0.0 7 0.0 8 0.0 9 0.0 10 0.0 
92 93 0.0  Commodities: 0 0.0 1 0.0 2 11.997359690033752 3 0.0 4 0.0 5 0.0 6 0.0 7 0.0 8 0.0 9 0.0 10 0.0 
93 92 0.0  Commodities: 0 0.0 1 0.0 2 0.0 3 0.0 4 0.0 5 0.0 6 0.0 7 0.0 8 0.0 9 0.0 10 0.0 
93 94 0.0  Commodities: 0 0.0 1 0.0 2 8.403819805368768 3 0.0 4 0.0 5 0.0 6 0.0 7 0.0 8 0.0 9 0.0 10 0.0 
94 93 0.0  Commodities: 0 0.0 1 0.0 2 0.0 3 0.0 4 0.0 5 0.0 6 0.0 7 0.0 8 0.0 9 0.0 10 0.0 
94 95 0.0  Commodities: 0 0.0 1 0.0 2 6.494971445252578 3 0.0 4 0.0 5 0.0 6 0.0 7 0.0 8 0.0 9 0.0 10 0.0 
95 94 0.0  Commodities: 0 0.0 1 0.0 2 0.0 3 0.0 4 0.0 5 0.0 6 0.0 7 0.0 8 0.0 9 0.0 10 0.0 
 Execution Time:  4614 ms
 true Commodity ID : 0 KP : 130.0021703130692 LP : 130.0021703130692
 true Commodity ID : 1 KP : 739.1357952413032 LP : 739.1357952413032
 false Commodity ID : 2 KP : 628.1639073800486 LP : 630.4749641489884
 true Commodity ID : 3 KP : 282.6292915429443 LP : 282.6292915429443
 true Commodity ID : 4 KP : 277.9764130866218 LP : 277.9764130866218
 true Commodity ID : 5 KP : 78.35388322786253 LP : 78.35388322786253
 false Commodity ID : 6 KP : 96.42916419689377 LP : 98.30551753678446
 false Commodity ID : 7 KP : 202.03264699881123 LP : 202.20553099271814
 true Commodity ID : 8 KP : 790.7276733091312 LP : 790.7276733091312
 true Commodity ID : 9 KP : 127.18877460582914 LP : 127.18877460582914
 false Commodity ID : 10 KP : 503.4021997808717 LP : 504.9268570689492

Number of Toll Stations: 85
SocialOptimum : 304252.9758601608
