0 1 0.0  Commodities: 0 0.0 1 0.0 2 9.729093086339475E-4 3 0.0 4 0.0 5 0.0 6 0.0 
1 0 3.741649941972888  Commodities: 0 6.6866581354893295 1 0.0 2 0.0 3 0.0 4 0.0 5 0.0 6 0.0 
0 11 0.0  Commodities: 0 6.686658137505793 1 0.0 2 0.0 3 0.0 4 0.0 5 0.0 6 0.0 
11 0 0.0  Commodities: 0 0.0 1 0.0 2 9.729109607255777E-4 3 0.0 4 0.0 5 0.0 6 0.0 
1 2 0.0  Commodities: 0 0.0 1 0.0 2 0.380705583426035 3 0.0 4 0.0 5 0.0 6 0.0 
2 1 3.4075971594683523  Commodities: 0 13.576347230919206 1 0.0 2 0.0 3 0.0 4 0.0 5 0.0 6 0.0 
1 12 0.0  Commodities: 0 6.889689098942999 1 0.0 2 0.0 3 0.0 4 0.0 5 0.0 6 0.0 
12 1 0.0  Commodities: 0 0.0 1 0.0 2 0.37973267788095344 3 0.0 4 0.0 5 0.0 6 0.0 
2 3 0.4726112767655639  Commodities: 0 0.0 1 0.0 2 0.9096692282297287 3 0.0 4 0.0 5 0.0 6 0.0 
3 2 0.0  Commodities: 0 15.4941348123083 1 2.659292094441374 2 0.0 3 0.0 4 0.0 5 0.0 6 0.0 
2 13 0.0  Commodities: 0 1.9177875857365434 1 2.659292081944602 2 0.0 3 0.0 4 0.0 5 0.0 6 0.0 
13 2 1.4283797539109244  Commodities: 0 0.0 1 0.0 2 0.5289636514607997 3 0.0 4 0.0 5 0.0 6 0.0 
3 4 0.33874469263867724  Commodities: 0 0.0 1 5.456809020670353 2 9.61912198796627 3 0.0 4 0.0 5 0.0 6 0.0 
4 3 0.0  Commodities: 0 13.812480156470357 1 0.0 2 0.0 3 0.0 4 0.0 5 0.0 6 0.0 
3 14 0.0  Commodities: 0 0.0 1 0.0 2 0.0 3 0.0 4 0.0 5 0.0 6 0.0 
14 3 0.0  Commodities: 0 1.6816546582657488 1 8.116101114207211 2 8.709452763377971 3 0.0 4 0.0 5 0.0 6 0.0 
4 5 0.0  Commodities: 0 0.0 1 5.456808989088935 2 9.619121996435487 3 0.0 4 41.104553572980585 5 0.0 6 0.0 
5 4 5.025160996942283  Commodities: 0 0.5113395413926723 1 0.0 2 0.0 3 0.0 4 0.0 5 0.0 6 0.0 
4 15 0.0  Commodities: 0 0.0 1 0.0 2 0.0 3 0.0 4 6.895446402355365 5 0.0 6 0.0 
15 4 0.0  Commodities: 0 13.301140615780035 1 0.0 2 0.0 3 0.0 4 0.0 5 0.0 6 0.0 
5 6 6.830029316728016  Commodities: 0 0.0 1 0.0 2 13.001325432515475 3 0.0 4 10.947708501803485 5 0.0 6 18.562953150866814 
6 5 4.782615247302438  Commodities: 0 13.479698069128256 1 0.0 2 0.0 3 0.0 4 0.0 5 0.0 6 0.0 
5 16 0.0  Commodities: 0 12.968358529941778 1 5.456808827321782 2 0.0 3 0.0 4 30.15684507307443 5 0.0 6 0.0 
16 5 0.0  Commodities: 0 0.0 1 0.0 2 3.3822034382159445 3 0.0 4 0.0 5 0.0 6 18.562953151624242 
6 7 0.0  Commodities: 0 0.0 1 0.0 2 15.899274291495068 3 0.0 4 10.947708499659145 5 0.0 6 18.562953153492867 
7 6 0.0  Commodities: 0 16.107076487191033 1 0.0 2 0.0 3 0.0 4 0.0 5 0.0 6 0.0 
6 17 0.0  Commodities: 0 2.627378418846107 1 0.0 2 0.0 3 0.0 4 0.0 5 0.0 6 0.0 
17 6 0.0  Commodities: 0 0.0 1 0.0 2 2.8979488597996226 3 0.0 4 0.0 5 0.0 6 0.0 
7 8 14.832631723895574  Commodities: 0 0.0 1 0.0 2 21.402882472777097 3 0.0 4 10.9477084955416 5 0.0 6 18.56295315310731 
8 7 0.0  Commodities: 0 17.31334111590017 1 0.0 2 0.0 3 0.0 4 0.0 5 0.0 6 0.0 
7 18 0.4804255907116186  Commodities: 0 1.20626462989323 1 0.0 2 0.0 3 0.0 4 0.0 5 0.0 6 0.0 
18 7 2.4801722337710714  Commodities: 0 0.0 1 0.0 2 5.50360818242728 3 0.0 4 0.0 5 0.0 6 0.0 
8 9 0.0  Commodities: 0 0.0 1 0.0 2 0.0 3 0.0 4 5.680300500863358 5 0.0 6 7.272629703146455 
9 8 0.0  Commodities: 0 17.44828257418351 1 0.0 2 4.246977631970872 3 0.0 4 0.0 5 0.0 6 0.0 
8 19 1.2053317940495276  Commodities: 0 0.13494145976282224 1 0.0 2 0.0 3 0.0 4 5.2674079977358765 5 0.0 6 11.2903234530144 
19 8 0.0  Commodities: 0 0.0 1 0.0 2 51.350139900183656 3 0.0 4 0.0 5 0.0 6 0.0 
9 10 0.0  Commodities: 0 6.015649979153536 1 0.0 2 0.0 3 0.0 4 3.6580626496179574 5 0.0 6 4.068735182976426 
10 9 1.4274138578200564  Commodities: 0 0.0 1 0.0 2 3.160660561931709 3 0.0 4 0.0 5 0.0 6 0.0 
9 20 0.0  Commodities: 0 25.53606745310902 1 0.0 2 0.0 3 0.0 4 2.0222378541079693 5 0.0 6 3.2038945230356943 
20 9 0.0  Commodities: 0 0.0 1 0.0 2 1.08631707297806 3 0.0 4 0.0 5 0.0 6 0.0 
10 21 0.0  Commodities: 0 6.0156499795703064 1 0.0 2 0.0 3 0.0 4 3.6580626500347595 5 0.0 6 4.068735183395097 
21 10 0.0  Commodities: 0 0.0 1 0.0 2 3.160660562350326 3 0.0 4 0.0 5 0.0 6 0.0 
11 12 2.5895713036571166  Commodities: 0 0.0 1 0.0 2 0.0859320053516209 3 0.0 4 0.0 5 0.0 6 0.0 
12 11 0.0  Commodities: 0 4.391873453937515 1 0.0 2 0.0 3 0.0 4 0.0 5 0.0 6 0.0 
11 22 0.763490615877231  Commodities: 0 11.078531588065545 1 0.0 2 0.0 3 0.0 4 0.0 5 0.0 6 0.0 
22 11 0.0  Commodities: 0 0.0 1 0.0 2 0.08690491344749811 3 0.0 4 0.0 5 0.0 6 0.0 
12 13 0.0  Commodities: 0 0.0 1 0.0 2 2.781044749217126 3 0.0 4 0.0 5 0.0 6 0.0 
13 12 0.0  Commodities: 0 1.149899945004566 1 0.0 2 0.0 3 0.0 4 0.0 5 0.0 6 0.0 
12 23 7.108148995596402  Commodities: 0 3.647715589719562 1 0.0 2 0.0 3 0.0 4 0.0 5 0.0 6 0.0 
23 12 0.0  Commodities: 0 0.0 1 0.0 2 3.074845421158142 3 0.0 4 0.0 5 0.0 6 0.0 
13 14 0.0  Commodities: 0 0.0 1 0.0 2 5.961835819603418 3 0.0 4 0.0 5 0.0 6 0.0 
14 13 5.241465351009879  Commodities: 0 2.4609069532645895 1 10.360022223913345 2 0.0 3 0.0 4 0.0 5 0.0 6 0.0 
13 24 10.156682096585964  Commodities: 0 3.2287945906041604 1 13.019314296802253 2 0.0 3 0.0 4 0.0 5 0.0 6 0.0 
24 13 3.480023769662303  Commodities: 0 0.0 1 0.0 2 3.7097547160237587 3 0.0 4 0.0 5 0.0 6 0.0 
14 15 2.293137191007048  Commodities: 0 0.0 1 25.183712165571876 2 0.0 3 0.0 4 0.0 5 0.0 6 0.0 
15 14 0.6055626256115723  Commodities: 0 4.142561606397104 1 0.0 2 0.0 3 0.0 4 0.0 5 0.0 6 0.0 
14 25 23.350957421034593  Commodities: 0 0.0 1 38.34016450285035 2 0.0 3 0.0 4 0.0 5 0.0 6 0.0 
25 14 1.3021761561608152  Commodities: 0 0.0 1 0.0 2 2.747616944294082 3 0.0 4 0.0 5 0.0 6 0.0 
15 16 3.207139944929196  Commodities: 0 0.0 1 9.94097233041457 2 2.353417394729703 3 0.0 4 0.0 5 0.0 6 0.0 
16 15 0.0  Commodities: 0 17.44370222185658 1 0.0 2 0.0 3 0.0 4 0.0 5 0.0 6 0.0 
15 26 18.73210103682996  Commodities: 0 0.0 1 15.242739867088966 2 0.0 3 0.0 4 6.895446370388468 5 0.0 6 0.0 
26 15 0.0  Commodities: 0 0.0 1 0.0 2 2.3534174028487143 3 0.0 4 0.0 5 0.0 6 0.0 
16 17 11.850416007579724  Commodities: 0 0.0 1 0.6080680246738234 2 0.0 3 0.0 4 0.0 5 0.0 6 77.50503849677703 
17 16 0.0  Commodities: 0 4.475343698610427 1 0.0 2 0.0 3 0.0 4 0.0 5 0.0 6 0.0 
16 27 18.288091923334278  Commodities: 0 0.0 1 14.789713131043275 2 0.0 3 0.0 4 30.156845095015377 5 0.0 6 1.9320083459342023 
27 16 3.3126709867052178  Commodities: 0 0.0 1 0.0 2 1.028786046853923 3 0.0 4 0.0 5 0.0 6 0.0 
17 18 0.0  Commodities: 0 0.0 1 0.0 2 0.0 3 0.0 4 0.0 5 0.0 6 77.27555949512627 
18 17 0.0  Commodities: 0 1.8479652810572649 1 0.0 2 0.0 3 0.0 4 0.0 5 0.0 6 0.0 
17 28 10.123078502889356  Commodities: 0 0.0 1 0.6080680239377763 2 0.0 3 0.0 4 0.0 5 0.0 6 0.22947899996838783 
28 17 8.578165949744061  Commodities: 0 0.0 1 0.0 2 2.8979488598808256 3 0.0 4 0.0 5 0.0 6 0.0 
18 19 16.3109649552525  Commodities: 0 0.0 1 0.0 2 19.59359940530264 3 0.0 4 0.0 5 0.0 6 17.218313290085312 
19 18 3.165230207343626  Commodities: 0 0.6417006527125733 1 0.0 2 0.0 3 0.0 4 0.0 5 0.0 6 0.0 
18 29 15.367742978707042  Commodities: 0 0.0 1 0.0 2 0.0 3 0.0 4 0.0 5 0.0 6 60.0572462058362 
29 18 0.0  Commodities: 0 0.0 1 0.0 2 25.097207582452057 3 0.0 4 0.0 5 0.0 6 0.0 
19 20 2.405343434517981  Commodities: 0 0.0 1 0.0 2 0.0 3 0.0 4 5.267407990949281 5 0.0 6 13.959253327034224 
20 19 1.9887772576453528  Commodities: 0 0.5067591978515832 1 0.0 2 20.334385282263415 3 0.0 4 0.0 5 0.0 6 0.0 
19 30 5.5668278379369625  Commodities: 0 0.0 1 0.0 2 0.0 3 0.0 4 0.0 5 0.0 6 14.549383415579866 
30 19 3.5348332268103206  Commodities: 0 0.0 1 0.0 2 11.422155213500652 3 0.0 4 0.0 5 0.0 6 0.0 
20 21 2.840954554182659  Commodities: 0 0.9310655204795725 1 0.0 2 0.0 3 0.0 4 1.1756636122265045 5 0.0 6 1.0308651048711468 
21 20 0.0  Commodities: 0 0.0 1 0.0 2 2.0569862005435633 3 0.0 4 0.0 5 0.0 6 0.0 
20 31 0.0  Commodities: 0 24.098242741217522 1 0.0 2 0.0 3 0.0 4 6.113982235425548 5 20.99999999796255 6 16.132282747891086 
31 20 0.0  Commodities: 0 0.0 1 0.0 2 19.363716157152865 3 0.0 4 0.0 5 0.0 6 0.0 
21 32 2.5124600665850068  Commodities: 0 6.946715492866542 1 0.0 2 0.0 3 0.0 4 4.833726255142267 5 0.0 6 5.099600281053785 
32 21 0.0  Commodities: 0 0.0 1 0.0 2 5.217646755825168 3 0.0 4 0.0 5 0.0 6 0.0 
22 23 0.22837869009784129  Commodities: 0 8.97864890584042 1 0.0 2 0.0 3 0.0 4 0.0 5 0.0 6 0.0 
23 22 0.0  Commodities: 0 0.0 1 0.0 2 0.0 3 0.0 4 0.0 5 0.0 6 0.0 
22 33 4.325457223351066  Commodities: 0 2.0998826816217235 1 0.0 2 0.0 3 0.0 4 0.0 5 0.0 6 0.0 
33 22 0.0  Commodities: 0 0.0 1 0.0 2 0.08690490435719425 3 0.0 4 0.0 5 0.0 6 0.0 
23 24 0.10023704266852462  Commodities: 0 0.0 1 0.0 2 0.060539242792019644 3 0.7655886293741604 4 0.0 5 0.0 6 0.0 
24 23 0.0  Commodities: 0 12.029109531424675 1 0.0 2 0.0 3 0.0 4 0.0 5 0.0 6 0.0 
23 34 0.0  Commodities: 0 24.65547402938265 1 0.0 2 0.0 3 0.0 4 0.0 5 0.0 6 0.0 
34 23 0.0  Commodities: 0 0.0 1 0.0 2 3.1353846750609367 3 0.7655886001702014 4 0.0 5 0.0 6 0.0 
24 25 0.0  Commodities: 0 0.0 1 0.0 2 1.4939388197624943 3 0.0 4 0.0 5 0.0 6 0.0 
25 24 6.05390198246964  Commodities: 0 2.154209485594999 1 0.0 2 0.0 3 0.0 4 0.0 5 0.0 6 0.0 
24 35 0.0  Commodities: 0 0.0 1 13.019314303871742 2 0.0 3 0.7655886300965203 4 0.0 5 0.0 6 0.0 
35 24 0.0  Commodities: 0 6.646105460382742 1 0.0 2 5.1431542986841965 3 0.0 4 0.0 5 0.0 6 0.0 
25 26 0.0  Commodities: 0 0.0 1 28.151256833542824 2 0.0 3 0.0 4 0.0 5 0.0 6 0.0 
26 25 0.0  Commodities: 0 7.487293707727994 1 0.0 2 0.0 3 0.0 4 0.0 5 0.0 6 0.0 
25 36 1.5099283597428723  Commodities: 0 5.333084221651286 1 10.188907670061306 2 0.0 3 0.0 4 0.0 5 0.0 6 0.0 
36 25 9.33189296940106  Commodities: 0 0.0 1 0.0 2 1.2536781227609382 3 0.0 4 0.0 5 0.0 6 0.0 
26 27 1.7744029128913965  Commodities: 0 0.0 1 4.200387155543528 2 1.028786041920134 3 0.0 4 0.0 5 0.0 6 0.0 
27 26 0.0  Commodities: 0 7.487293702653591 1 0.0 2 0.0 3 0.0 4 0.0 5 0.0 6 0.0 
26 37 0.0  Commodities: 0 0.0 1 39.193609547114114 2 0.0 3 0.0 4 6.895446341870975 5 0.0 6 0.0 
37 26 0.0  Commodities: 0 0.0 1 0.0 2 3.3822034447456124 3 0.0 4 0.0 5 0.0 6 0.0 
27 28 4.780683728736975  Commodities: 0 0.0 1 11.745992222837469 2 0.0 3 0.0 4 0.0 5 0.0 6 1.9320079314551952 
28 27 0.0  Commodities: 0 7.4872936910183 1 0.0 2 0.0 3 0.0 4 0.0 5 0.0 6 0.0 
27 38 0.0  Commodities: 0 0.0 1 7.244108061682052 2 0.0 3 0.0 4 30.156845121276774 5 0.0 6 0.0 
38 27 0.0  Commodities: 0 0.0 1 0.0 2 0.0 3 0.0 4 0.0 5 0.0 6 0.0 
28 29 0.0  Commodities: 0 0.0 1 0.0 2 0.0 3 0.0 4 0.0 5 0.0 6 2.1614868099417754 
29 28 15.023784942675057  Commodities: 0 7.4872936833145864 1 0.0 2 0.0 3 0.0 4 0.0 5 0.0 6 0.0 
28 39 0.0  Commodities: 0 0.0 1 12.354060244205154 2 0.0 3 0.0 4 0.0 5 0.0 6 0.0 
39 28 0.0  Commodities: 0 0.0 1 0.0 2 2.8979488688454387 3 0.0 4 0.0 5 0.0 6 0.0 
29 30 10.822409408162116  Commodities: 0 0.0 1 0.0 2 0.0 3 0.0 4 0.0 5 0.0 6 62.21873301335786 
30 29 0.0  Commodities: 0 14.551520872872047 1 0.0 2 0.0 3 0.0 4 0.0 5 0.0 6 0.0 
29 40 2.9437546257368723  Commodities: 0 7.064227192050744 1 0.0 2 0.0 3 0.0 4 0.0 5 0.0 6 0.0 
40 29 1.2430887580943022  Commodities: 0 0.0 1 0.0 2 25.097207597963415 3 0.0 4 0.0 5 0.0 6 0.0 
30 31 0.0  Commodities: 0 0.0 1 0.0 2 6.493260495566311 3 0.0 4 0.0 5 0.0 6 0.0 
31 30 0.0  Commodities: 0 20.50594794876372 1 0.0 2 0.0 3 0.0 4 0.0 5 0.0 6 12.330041100032405 
30 41 8.037632113327959  Commodities: 0 5.954427080296303 1 0.0 2 0.0 3 0.0 4 0.0 5 0.0 6 89.09815752992229 
41 30 0.0  Commodities: 0 0.0 1 0.0 2 17.915415689486714 3 0.0 4 0.0 5 0.0 6 0.0 
31 32 0.0  Commodities: 0 1.2717438120167945 1 0.0 2 0.0 3 0.0 4 1.977026310309003 5 0.0 6 1.4059041534317387 
32 31 0.34596760236797763  Commodities: 0 0.0 1 0.0 2 6.062231135763579 3 0.0 4 0.0 5 0.0 6 0.0 
31 42 4.162963420780557  Commodities: 0 2.320550983487831 1 0.0 2 0.0 3 0.0 4 4.136955917286814 5 0.0 6 2.3963374974933402 
42 31 6.128626516341669  Commodities: 0 0.0 1 0.0 2 6.808224528802382 3 0.0 4 0.0 5 0.0 6 0.0 
32 43 0.0  Commodities: 0 8.218459304643751 1 0.0 2 0.0 3 0.0 4 6.81075256524552 5 0.0 6 6.505504434260508 
43 32 4.171334927296201  Commodities: 0 0.0 1 0.0 2 11.279877891377435 3 0.0 4 0.0 5 0.0 6 0.0 
33 34 0.0  Commodities: 0 0.0 1 0.0 2 0.0 3 22.159417139134277 4 0.0 5 0.0 6 0.0 
34 33 0.0  Commodities: 0 1.8993482254601555 1 0.0 2 0.0 3 0.0 4 0.0 5 0.0 6 0.0 
33 44 1.8293643996732811  Commodities: 0 3.999230904577722 1 0.0 2 0.0 3 0.0 4 0.0 5 0.0 6 0.0 
44 33 0.472610455973566  Commodities: 0 0.0 1 0.0 2 0.08690489563153134 3 22.159417185373133 4 0.0 5 0.0 6 0.0 
34 35 1.376438452442514  Commodities: 0 0.0 1 0.0 2 0.0 3 5.619874480068974 4 0.0 5 0.0 6 0.0 
35 34 3.4298435131688336  Commodities: 0 2.8968654829661373 1 0.0 2 0.0 3 0.0 4 0.0 5 0.0 6 0.0 
34 45 0.0  Commodities: 0 25.652991281917522 1 0.0 2 0.0 3 15.77395406743745 4 0.0 5 0.0 6 0.0 
45 34 5.765588702746193  Commodities: 0 0.0 1 0.0 2 3.1353846809958825 3 0.0 4 0.0 5 0.0 6 0.0 
35 36 4.766579787583261  Commodities: 0 0.0 1 0.6258185056786105 2 0.0 3 1.8301949205497048 4 0.0 5 0.0 6 0.0 
36 35 0.0  Commodities: 0 9.542970932986108 1 0.0 2 0.0 3 0.0 4 0.0 5 0.0 6 0.0 
35 46 0.9412227846751478  Commodities: 0 0.0 1 12.393495798337952 2 0.0 3 4.555268185936878 4 0.0 5 0.0 6 0.0 
46 35 0.0  Commodities: 0 0.0 1 0.0 2 5.143154287051701 3 0.0 4 0.0 5 0.0 6 0.0 
36 37 0.0  Commodities: 0 0.0 1 10.243700198897423 2 0.0 3 1.4941996454297783 4 0.0 5 0.0 6 0.0 
37 36 0.0  Commodities: 0 4.209886703484405 1 0.0 2 0.0 3 0.0 4 0.0 5 0.0 6 0.0 
36 47 0.0  Commodities: 0 0.0 1 0.5710259748851452 2 0.0 3 0.33599527521794736 4 0.0 5 0.0 6 0.0 
47 36 0.0  Commodities: 0 0.0 1 0.0 2 1.2536781267716404 3 0.0 4 0.0 5 0.0 6 0.0 
37 38 4.336672234909205  Commodities: 0 0.0 1 38.83901428351666 2 0.0 3 0.0 4 0.0 5 0.0 6 0.0 
38 37 0.0  Commodities: 0 4.2098867125818895 1 0.0 2 0.0 3 0.0 4 0.0 5 0.0 6 0.0 
37 48 0.0  Commodities: 0 0.0 1 10.598295464402653 2 0.0 3 1.4941996434469937 4 6.895446315627996 5 0.0 6 0.0 
48 37 0.0  Commodities: 0 0.0 1 0.0 2 3.3822034493841806 3 0.0 4 0.0 5 0.0 6 0.0 
38 39 4.450676329492772  Commodities: 0 0.0 1 46.08312231336899 2 0.0 3 0.0 4 0.0 5 0.0 6 0.0 
39 38 5.3518605718664105  Commodities: 0 4.209886714586072 1 0.0 2 0.0 3 0.0 4 0.0 5 0.0 6 0.0 
38 49 0.0  Commodities: 0 0.0 1 0.0 2 0.0 3 0.0 4 30.156845150274435 5 0.0 6 0.0 
49 38 0.0  Commodities: 0 0.0 1 0.0 2 0.0 3 0.0 4 0.0 5 0.0 6 0.0 
39 40 1.5642719622476733  Commodities: 0 0.0 1 61.21890639956667 2 4.393951766540086 3 0.0 4 0.0 5 0.0 6 0.0 
40 39 4.633806539635774  Commodities: 0 11.15711009212484 1 0.0 2 0.0 3 0.0 4 0.0 5 0.0 6 0.0 
39 50 0.0  Commodities: 0 6.947223369605206 1 0.0 2 0.0 3 0.0 4 0.0 5 0.0 6 0.0 
50 39 0.0  Commodities: 0 0.0 1 2.7817238445097185 2 7.291900630813931 3 0.0 4 0.0 5 0.0 6 0.0 
40 41 10.976942851068657  Commodities: 0 0.0 1 0.0 2 13.723856516157449 3 0.0 4 0.0 5 0.0 6 0.0 
41 40 0.0  Commodities: 0 4.092895298165394 1 0.0 2 0.0 3 0.0 4 0.0 5 0.0 6 0.0 
40 51 0.0  Commodities: 0 1.2398344591657345E-5 1 0.0 2 0.0 3 0.0 4 0.0 5 0.0 6 0.0 
51 40 0.0  Commodities: 0 0.0 1 20.78109343536883 2 34.427112347855605 3 0.0 4 0.0 5 0.0 6 0.0 
41 42 0.0  Commodities: 0 0.0 1 0.0 2 0.0 3 0.0 4 0.0 5 0.0 6 0.0 
42 41 0.0  Commodities: 0 4.587609682547402 1 0.0 2 0.8719505364080259 3 0.0 4 0.0 5 0.0 6 8.901842052890693 
41 52 1.2027639856199528  Commodities: 0 6.449141455235903 1 0.0 2 0.0 3 0.0 4 0.0 5 0.0 6 0.0 
52 41 7.369445802928794  Commodities: 0 0.0 1 0.0 2 3.3196086413003014 3 0.0 4 0.0 5 0.0 6 0.0 
42 43 0.0  Commodities: 0 0.0 1 0.0 2 0.049425215363600845 3 0.0 4 0.0 5 0.0 6 0.0 
43 42 0.0  Commodities: 0 8.218459311308113 1 0.0 2 0.0 3 0.0 4 5.106148675396537 5 0.0 6 6.5055044779936555 
42 53 0.0  Commodities: 0 5.951400599238011 1 0.0 2 0.0 3 0.0 4 9.243104605075079 5 0.0 6 0.0 
53 42 1.0344323760936192  Commodities: 0 0.0 1 0.0 2 7.729600258379317 3 0.0 4 0.0 5 0.0 6 0.0 
43 54 3.874706907783434  Commodities: 0 0.0 1 0.0 2 0.0 3 0.0 4 1.7046039096152177 5 0.0 6 0.0 
54 43 0.0  Commodities: 0 0.0 1 0.0 2 11.230452690983133 3 0.0 4 0.0 5 0.0 6 0.0 
44 45 5.086135052632173  Commodities: 0 0.0 1 0.0 2 0.0 3 13.16352117104388 4 0.0 5 0.0 6 0.0 
45 44 0.0  Commodities: 0 0.0 1 0.0 2 0.08690488508274999 3 0.0 4 0.0 5 0.0 6 0.0 
44 55 0.0  Commodities: 0 3.9992309097982144 1 0.0 2 0.0 3 22.677061647874396 4 0.0 5 0.0 6 0.0 
55 44 0.0  Commodities: 0 0.0 1 0.0 2 0.0 3 0.0 4 0.0 5 0.0 6 0.0 
45 46 0.0  Commodities: 0 0.0 1 0.0 2 0.0 3 23.16965772174663 4 0.0 5 0.0 6 0.0 
46 45 0.0  Commodities: 0 8.212157826166948 1 0.0 2 0.0 3 0.0 4 0.0 5 0.0 6 0.0 
45 56 0.0  Commodities: 0 33.86514910287839 1 0.0 2 0.0 3 5.767817517715303 4 0.0 5 0.0 6 0.0 
56 45 0.0  Commodities: 0 0.0 1 0.0 2 3.222289567554595 3 0.0 4 0.0 5 0.0 6 0.0 
46 47 0.0  Commodities: 0 0.0 1 12.393495799556005 2 0.0 3 27.724925901994627 4 0.0 5 0.0 6 0.0 
47 46 0.0  Commodities: 0 8.212157835995098 1 0.0 2 0.0 3 0.0 4 0.0 5 0.0 6 0.0 
46 57 0.0  Commodities: 0 0.0 1 0.0 2 0.0 3 0.0 4 0.0 5 0.0 6 0.0 
57 46 5.345561470246217  Commodities: 0 0.0 1 0.0 2 5.143154282446608 3 0.0 4 0.0 5 0.0 6 0.0 
47 48 2.992487124616005  Commodities: 0 0.0 1 12.964521769018152 2 6.045547686285903 3 22.458403081914103 4 0.0 5 0.0 6 0.0 
48 47 0.0  Commodities: 0 8.21215782777787 1 0.0 2 0.0 3 0.0 4 0.0 5 0.0 6 0.0 
47 58 0.0  Commodities: 0 0.0 1 0.0 2 0.0 3 5.602518095948295 4 0.0 5 0.0 6 0.0 
58 47 0.7225633593443064  Commodities: 0 0.0 1 0.0 2 7.2992258170782485 3 0.0 4 0.0 5 0.0 6 0.0 
48 49 0.0  Commodities: 0 0.0 1 23.562817231054176 2 8.285433398797768 3 0.0 4 6.8954462054989625 5 0.0 6 0.0 
49 48 0.0  Commodities: 0 8.212157827541736 1 0.0 2 0.0 3 0.0 4 0.0 5 0.0 6 0.0 
48 59 0.13484243857047673  Commodities: 0 0.0 1 0.0 2 0.0 3 23.9526027193136 4 0.0 5 0.0 6 0.0 
59 48 0.0  Commodities: 0 0.0 1 0.0 2 5.622089161595013 3 0.0 4 0.0 5 0.0 6 0.0 
49 50 0.0  Commodities: 0 0.0 1 23.56281726315217 2 15.86072727604821 3 0.0 4 37.052291352023474 5 0.0 6 0.0 
50 49 7.009755262306488  Commodities: 0 8.212157855223284 1 0.0 2 0.0 3 0.0 4 0.0 5 0.0 6 0.0 
49 60 0.0  Commodities: 0 0.0 1 0.0 2 0.0 3 0.0 4 0.0 5 0.0 6 0.0 
60 49 4.114722468357293  Commodities: 0 0.0 1 0.0 2 7.575293882898611 3 0.0 4 0.0 5 0.0 6 0.0 
50 51 0.0  Commodities: 0 0.0 1 20.78109342317159 2 20.29817382990153 3 0.0 4 14.428137115942778 5 0.0 6 0.0 
51 50 3.13792229255243  Commodities: 0 6.787536283979316 1 0.0 2 0.0 3 0.0 4 0.0 5 0.0 6 0.0 
50 61 0.0  Commodities: 0 5.52260179948297 1 0.0 2 0.0 3 0.0 4 22.624154238410465 5 0.0 6 0.0 
61 50 0.0  Commodities: 0 0.0 1 0.0 2 11.729347185748574 3 0.0 4 0.0 5 0.0 6 0.0 
51 52 5.056074524485446  Commodities: 0 0.0 1 0.0 2 5.074849212641409 3 0.0 4 14.428137116763427 5 0.0 6 0.0 
52 51 0.0  Commodities: 0 7.686317989509907 1 0.0 2 0.0 3 0.0 4 0.0 5 0.0 6 0.0 
51 62 3.732700905330775  Commodities: 0 0.8987941043647386 1 0.0 2 0.0 3 0.0 4 0.0 5 0.0 6 0.0 
62 51 0.32370554886744785  Commodities: 0 0.0 1 0.0 2 19.203787730962155 3 0.0 4 0.0 5 0.0 6 0.0 
52 53 1.185705687260139  Commodities: 0 0.0 1 0.0 2 9.372902568608827 3 0.0 4 3.0136769697622188 5 0.0 6 0.0 
53 52 0.0  Commodities: 0 2.6569627564055676 1 0.0 2 0.0 3 0.0 4 0.0 5 0.0 6 0.0 
52 63 0.0  Commodities: 0 1.41978622298547 1 0.0 2 0.0 3 0.0 4 11.414460148569955 5 0.0 6 0.0 
63 52 2.7809246687776294  Commodities: 0 0.0 1 0.0 2 7.617661998111947 3 0.0 4 0.0 5 0.0 6 0.0 
53 54 1.7321437325452393  Commodities: 0 0.0 1 0.0 2 11.230452501578151 3 0.0 4 9.629632164018306 5 0.0 6 0.0 
54 53 0.0  Commodities: 0 0.0 1 0.0 2 0.0 3 0.0 4 0.0 5 0.0 6 0.0 
53 64 0.22279918332570148  Commodities: 0 3.2944378358092132 1 0.0 2 0.0 3 0.0 4 2.6271494137240876 5 0.0 6 0.0 
64 53 0.0  Commodities: 0 0.0 1 0.0 2 9.587150187708465 3 0.0 4 0.0 5 0.0 6 0.0 
54 65 2.704254441413923  Commodities: 0 0.0 1 0.0 2 0.0 3 0.0 4 11.33423606903327 5 0.0 6 0.0 
65 54 0.0  Commodities: 0 0.0 1 0.0 2 0.0 3 0.0 4 0.0 5 0.0 6 0.0 
55 56 0.7342750523898047  Commodities: 0 0.0 1 0.0 2 0.0 3 10.88425859238047 4 0.0 5 0.0 6 0.0 
56 55 2.041533809409941  Commodities: 0 44.144413910756455 1 0.0 2 0.0 3 0.0 4 0.0 5 0.0 6 0.0 
55 66 0.0  Commodities: 0 0.0 1 0.0 2 0.0 3 11.792803056514629 4 0.0 5 0.0 6 0.0 
66 55 0.0  Commodities: 0 0.8563551831807216 1 0.0 2 0.0 3 0.0 4 0.0 5 0.0 6 0.0 
56 57 1.0319561670940018  Commodities: 0 0.0 1 0.0 2 0.0 3 25.63222664975367 4 0.0 5 0.0 6 0.0 
57 56 2.6648855924996724  Commodities: 0 0.006823307639151062 1 0.0 2 0.0 3 0.0 4 0.0 5 0.0 6 0.0 
56 67 0.0  Commodities: 0 0.0 1 0.0 2 0.0 3 0.0 4 0.0 5 0.0 6 0.0 
67 56 0.0  Commodities: 0 10.272441508296488 1 0.0 2 3.222289576372006 3 8.980150549083074 4 0.0 5 0.0 6 0.0 
57 58 1.0117677056765721  Commodities: 0 0.0 1 0.0 2 0.0 3 19.671944478303164 4 0.0 5 0.0 6 0.0 
58 57 0.0  Commodities: 0 1.5100705512054244 1 0.0 2 0.0 3 0.0 4 0.0 5 0.0 6 0.0 
57 68 3.765959072980934  Commodities: 0 1.503247247217293 1 0.0 2 0.0 3 5.960282178605826 4 0.0 5 0.0 6 0.0 
68 57 0.0  Commodities: 0 0.0 1 0.0 2 5.143154282424223 3 0.0 4 0.0 5 0.0 6 0.0 
58 59 0.0  Commodities: 0 0.0 1 0.0 2 12.09430233325178 3 11.455174738333577 4 0.0 5 0.0 6 0.0 
59 58 0.0  Commodities: 0 5.5293332839497635 1 0.0 2 0.0 3 0.0 4 0.0 5 0.0 6 0.0 
58 69 0.0  Commodities: 0 4.019262719368146 1 0.0 2 0.0 3 13.819287836007451 4 0.0 5 0.0 6 0.0 
69 58 2.1318135088203434  Commodities: 0 0.0 1 0.0 2 19.39352814772455 3 0.0 4 0.0 5 0.0 6 0.0 
59 60 0.0  Commodities: 0 0.0 1 0.0 2 9.424422692093996 3 35.067696962743305 4 0.0 5 0.0 6 0.0 
60 59 0.0  Commodities: 0 5.529333296693238 1 0.0 2 0.0 3 0.0 4 0.0 5 0.0 6 0.0 
59 70 0.0  Commodities: 0 0.0 1 0.0 2 0.0 3 0.340080496774912 4 0.0 5 0.0 6 0.0 
70 59 0.3543121315095732  Commodities: 0 0.0 1 0.0 2 2.9522095176452128 3 0.0 4 0.0 5 0.0 6 0.0 
60 61 7.904809292474091  Commodities: 0 0.0 1 0.0 2 17.29781123758642 3 0.0 4 0.0 5 0.0 6 0.0 
61 60 0.0  Commodities: 0 5.529333276963267 1 0.0 2 0.0 3 0.0 4 0.0 5 0.0 6 0.0 
60 71 4.512508212430262  Commodities: 0 0.0 1 0.0 2 0.0 3 35.06769697556328 4 0.0 5 0.0 6 0.0 
71 60 0.0  Commodities: 0 0.0 1 0.0 2 15.44868243106385 3 0.0 4 0.0 5 0.0 6 0.0 
61 62 0.9954369969855961  Commodities: 0 0.0 1 0.0 2 19.20378773453505 3 0.0 4 22.62415436288612 5 0.0 6 0.0 
62 61 0.0  Commodities: 0 4.693885257213641 1 0.0 2 0.0 3 0.0 4 0.0 5 0.0 6 0.0 
61 72 1.4869110929403142  Commodities: 0 4.687153777122698 1 0.0 2 0.0 3 0.0 4 0.0 5 0.0 6 0.0 
72 61 0.0  Commodities: 0 0.0 1 0.0 2 13.635323680143207 3 0.0 4 0.0 5 0.0 6 0.0 
62 63 9.527315729530649  Commodities: 0 0.0 1 0.0 2 0.0 3 0.0 4 5.44603529526485 5 0.0 6 0.0 
63 62 0.0  Commodities: 0 3.795091150876747 1 0.0 2 0.0 3 0.0 4 0.0 5 0.0 6 0.0 
62 73 0.0  Commodities: 0 0.0 1 0.0 2 0.0 3 0.0 4 17.178119068313173 5 0.0 6 0.0 
73 62 0.0  Commodities: 0 0.0 1 0.0 2 0.0 3 0.0 4 0.0 5 0.0 6 0.0 
63 64 0.0  Commodities: 0 0.0 1 0.0 2 2.960015572262821 3 0.0 4 20.560141821764123 5 0.0 6 0.0 
64 63 3.32615708888343  Commodities: 0 3.1956642689246526 1 0.0 2 0.0 3 0.0 4 0.0 5 0.0 6 0.0 
63 74 0.0  Commodities: 0 0.8203593436039532 1 0.0 2 0.0 3 0.0 4 0.0 5 0.0 6 0.0 
74 63 0.0  Commodities: 0 0.0 1 0.0 2 10.577677568262263 3 0.0 4 3.699646382620539 5 0.0 6 0.0 
64 65 0.0  Commodities: 0 0.0 1 0.0 2 0.0 3 0.0 4 32.505840615404864 5 0.0 6 0.0 
65 64 0.0  Commodities: 0 0.0 1 0.0 2 0.0 3 0.0 4 0.0 5 0.0 6 0.0 
64 75 0.0  Commodities: 0 0.09877356838127468 1 0.0 2 0.0 3 0.0 4 0.0 5 0.0 6 0.0 
75 64 0.0  Commodities: 0 0.0 1 0.0 2 6.627134676071406 3 0.0 4 9.318549379002793 5 0.0 6 0.0 
65 76 0.0  Commodities: 0 0.0 1 0.0 2 0.0 3 0.0 4 0.0 5 0.0 6 0.0 
76 65 0.0  Commodities: 0 0.0 1 0.0 2 0.0 3 0.0 4 4.159923322617275 5 0.0 6 0.0 
66 67 0.0  Commodities: 0 0.0 1 0.0 2 0.0 3 11.79280309046364 4 0.0 5 0.0 6 0.0 
67 66 0.0  Commodities: 0 0.8563552168314549 1 0.0 2 0.0 3 0.0 4 0.0 5 0.0 6 0.0 
67 68 3.9988847657874587  Commodities: 0 0.0 1 0.0 2 0.0 3 2.8126525127372166 4 0.0 5 0.0 6 0.0 
68 67 0.0  Commodities: 0 11.128796684938338 1 0.0 2 3.2222895756171526 3 0.0 4 0.0 5 0.0 6 0.0 
68 69 0.0  Commodities: 0 0.0 1 0.0 2 68.63455614454702 3 8.77293469073507 4 0.0 5 0.0 6 0.0 
69 68 0.0  Commodities: 0 9.625549439176126 1 0.0 2 0.0 3 0.0 4 0.0 5 0.0 6 0.0 
69 70 1.1399336968723581  Commodities: 0 0.0 1 0.0 2 49.24102799881623 3 22.592222525257164 4 0.0 5 0.0 6 0.0 
70 69 0.9300376563220354  Commodities: 0 5.606286721781789 1 0.0 2 0.0 3 0.0 4 0.0 5 0.0 6 0.0 
70 71 0.0  Commodities: 0 0.0 1 0.0 2 46.28881848470002 3 22.932303022454015 4 0.0 5 0.0 6 0.0 
71 70 0.0  Commodities: 0 5.60628671238169 1 0.0 2 0.0 3 0.0 4 0.0 5 0.0 6 0.0 
71 72 3.4579789066526914  Commodities: 0 0.0 1 0.0 2 30.840136053575883 3 0.0 4 0.0 5 0.0 6 0.0 
72 71 0.0  Commodities: 0 5.606286701135528 1 0.0 2 0.0 3 0.0 4 0.0 5 0.0 6 0.0 
72 73 0.0  Commodities: 0 0.0 1 0.0 2 17.20481237450192 3 0.0 4 0.0 5 0.0 6 0.0 
73 72 0.0  Commodities: 0 0.9191329251066845 1 0.0 2 0.0 3 0.0 4 0.0 5 0.0 6 0.0 
73 74 0.0  Commodities: 0 0.0 1 0.0 2 17.204812373437292 3 0.0 4 17.178119079728887 5 0.0 6 0.0 
74 73 5.051271742111332  Commodities: 0 0.9191329263855802 1 0.0 2 0.0 3 0.0 4 0.0 5 0.0 6 0.0 
74 75 3.302573364412247  Commodities: 0 0.0 1 0.0 2 6.627134810961168 3 0.0 4 13.478472702874779 5 0.0 6 0.0 
75 74 0.0  Commodities: 0 0.09877358940604486 1 0.0 2 0.0 3 0.0 4 0.0 5 0.0 6 0.0 
75 76 1.8966094851615765  Commodities: 0 0.0 1 0.0 2 0.0 3 0.0 4 4.1599233251342485 5 0.0 6 0.0 
76 75 0.0  Commodities: 0 0.0 1 0.0 2 0.0 3 0.0 4 0.0 5 0.0 6 0.0 
 Execution Time:  41575 ms
 false Commodity ID : 0 KP : 275.7729807143943 LP : 276.8001812143901
 true Commodity ID : 1 KP : 256.49821259009883 LP : 256.49821259009883
 true Commodity ID : 2 KP : 301.97893696245325 LP : 301.97893696245325
 true Commodity ID : 3 KP : 163.20705370106495 LP : 163.20705370106495
 true Commodity ID : 4 KP : 313.3891237576019 LP : 313.3891237576019
 true Commodity ID : 5 KP : 31.194822933569846 LP : 31.194822933569846
 true Commodity ID : 6 KP : 275.3584537825184 LP : 275.3584537825184

Number of Toll Stations: 110
SocialOptimum : 593074.1649766967
