0 1 0.0  Commodities: 0 0.0 1 0.0 2 1.3688246571883727 3 0.0 4 0.0 
1 0 0.0  Commodities: 0 0.0 1 0.0 2 0.0 3 0.0 4 0.04021349461367416 
0 12 0.0  Commodities: 0 0.0 1 0.0 2 0.0 3 0.0 4 0.04021351240916272 
12 0 0.0  Commodities: 0 0.0 1 0.0 2 1.3688246815967733 3 0.0 4 0.0 
1 2 0.0  Commodities: 0 0.0 1 0.0 2 3.0640947977431003 3 0.0 4 0.0 
2 1 0.0  Commodities: 0 0.0 1 0.0 2 0.0 3 0.0 4 1.5216543428004132 
1 13 0.0  Commodities: 0 0.0 1 0.0 2 0.0 3 0.0 4 1.4814408707103393 
13 1 0.0  Commodities: 0 0.0 1 0.0 2 1.6952701642367813 3 0.0 4 0.0 
2 3 0.0  Commodities: 0 0.0 1 0.0 2 8.967230578456885 3 0.0 4 0.0 
3 2 0.0  Commodities: 0 0.0 1 0.0 2 0.0 3 0.0 4 11.513714019707901 
2 14 3.1457071203643494  Commodities: 0 0.0 1 0.0 2 0.0 3 0.0 4 9.992059690011455 
14 2 0.0  Commodities: 0 0.0 1 0.0 2 5.90313579384657 3 0.0 4 0.0 
3 4 0.0  Commodities: 0 0.0 1 0.0 2 4.058695310814836 3 0.0 4 0.0 
4 3 0.0  Commodities: 0 0.0 1 0.0 2 0.0 3 0.0 4 11.513714012034983 
3 15 0.5187133172761067  Commodities: 0 0.0 1 0.0 2 4.908535269149172 3 0.0 4 0.0 
15 3 0.0  Commodities: 0 0.0 1 0.0 2 0.0 3 0.0 4 0.0 
4 5 0.0  Commodities: 0 0.0 1 0.0 2 0.0 3 0.0 4 0.0 
5 4 0.7018357243913336  Commodities: 0 0.0 1 0.0 2 0.0 3 0.0 4 11.513714000019021 
4 16 0.0  Commodities: 0 0.0 1 0.0 2 4.05869527264325 3 0.0 4 0.0 
16 4 0.0  Commodities: 0 0.0 1 0.0 2 0.0 3 0.0 4 0.0 
5 6 0.0  Commodities: 0 0.0 1 0.0 2 0.0 3 0.0 4 0.0 
6 5 3.618755046471877  Commodities: 0 2.6778353739994465 1 0.0 2 0.0 3 0.0 4 18.673537001795932 
5 17 0.0  Commodities: 0 2.6778353463284517 1 0.0 2 0.0 3 0.0 4 7.1598230044277065 
17 5 0.0  Commodities: 0 0.0 1 0.0 2 0.0 3 0.0 4 0.0 
6 7 0.03189471858124193  Commodities: 0 0.0 1 2.072525219931495 2 0.0 3 0.0 4 0.0 
7 6 0.0  Commodities: 0 2.679050656472399 1 0.0 2 0.0 3 0.0 4 18.674759631262337 
6 18 0.0  Commodities: 0 0.0012153161683709159 1 0.0 2 0.0 3 0.0 4 0.001222662817825109 
18 6 0.0  Commodities: 0 0.0 1 2.0725253145864238 2 0.0 3 0.0 4 0.0 
7 8 0.2256797501996317  Commodities: 0 0.0 1 2.649370858857151 2 0.0 3 0.0 4 0.0 
8 7 7.7096513169901755  Commodities: 0 3.4644206295808595 1 0.0 2 0.0 3 23.99999994683472 4 20.054079893538844 
7 19 0.0  Commodities: 0 0.7853699972464034 1 0.0 2 0.0 3 0.0 4 1.3793202864051015 
19 7 0.0  Commodities: 0 0.0 1 0.5768456622435374 2 0.0 3 0.0 4 0.0 
8 9 0.0  Commodities: 0 0.0 1 1.5523810972561907 2 0.0 3 0.0 4 0.0 
9 8 0.0  Commodities: 0 0.0 1 0.0 2 0.0 3 0.0 4 11.3293386503167 
8 20 0.7339649120645646  Commodities: 0 0.0 1 1.096989764986198 2 0.0 3 0.0 4 0.0 
20 8 0.0  Commodities: 0 3.464420627204983 1 0.0 2 0.0 3 23.99999994913591 4 8.724741246202184 
9 10 0.0  Commodities: 0 0.0 1 1.5523810981514683 2 0.0 3 0.0 4 2.6162425446074407 
10 9 0.0  Commodities: 0 0.0 1 0.0 2 0.0 3 0.0 4 0.0 
9 21 0.0  Commodities: 0 0.0 1 0.0 2 0.0 3 0.0 4 0.0 
21 9 0.0  Commodities: 0 0.0 1 0.0 2 0.0 3 0.0 4 13.945581190582965 
10 11 0.0  Commodities: 0 0.0 1 1.0956054516950786 2 0.0 3 0.0 4 2.4953811640067336 
11 10 0.0  Commodities: 0 0.0 1 0.0 2 0.0 3 0.0 4 0.0 
10 22 2.7406879058781612  Commodities: 0 0.0 1 0.45677567648942846 2 0.0 3 0.0 4 0.12086141026254602 
22 10 0.0  Commodities: 0 0.0 1 0.0 2 0.0 3 0.0 4 0.0 
11 23 0.0  Commodities: 0 0.0 1 1.0956054538155229 2 0.0 3 0.0 4 2.4953811661380447 
23 11 0.0  Commodities: 0 0.0 1 0.0 2 0.0 3 0.0 4 0.0 
12 13 0.0  Commodities: 0 0.0 1 0.0 2 0.0 3 0.0 4 0.0 
13 12 0.0  Commodities: 0 0.0 1 0.0 2 0.0 3 0.0 4 0.0 
12 24 0.0  Commodities: 0 0.0 1 0.0 2 0.0 3 0.0 4 0.04021355996118408 
24 12 0.0  Commodities: 0 0.0 1 0.0 2 1.368824669649411 3 0.0 4 0.0 
13 14 5.7687603362671  Commodities: 0 0.0 1 0.0 2 11.196575037721553 3 0.0 4 0.0 
14 13 0.0  Commodities: 0 0.0 1 0.0 2 0.0 3 0.0 4 0.7724400798978529 
13 25 0.0  Commodities: 0 0.0 1 0.0 2 0.0 3 0.0 4 2.2538808645701978 
25 13 3.8720625106285667  Commodities: 0 0.0 1 0.0 2 12.891845169094797 3 0.0 4 0.0 
14 15 3.617875876050384  Commodities: 0 0.0 1 0.0 2 5.2934392396332095 3 0.0 4 0.0 
15 14 2.8501730056618655  Commodities: 0 0.0 1 0.0 2 0.0 3 0.0 4 4.465095440470382 
14 26 9.842996847861365  Commodities: 0 0.0 1 0.0 2 0.0 3 0.0 4 13.684715055841963 
26 14 0.0  Commodities: 0 0.0 1 0.0 2 0.0 3 0.0 4 0.0 
15 16 0.0  Commodities: 0 0.0 1 0.0 2 14.108285766045059 3 0.0 4 0.0 
16 15 0.0  Commodities: 0 0.0 1 0.0 2 0.0 3 0.0 4 4.896480975170893 
15 27 11.311802006252577  Commodities: 0 0.0 1 0.0 2 0.0 3 0.0 4 0.43138554100173027 
27 15 9.701483959486549  Commodities: 0 0.0 1 0.0 2 3.906311272487815 3 0.0 4 0.0 
16 17 0.0  Commodities: 0 0.0 1 0.0 2 0.0 3 0.0 4 0.0 
17 16 0.14413515249425757  Commodities: 0 47.54321768880097 1 3.015667864469463 2 0.0 3 0.0 4 32.6800880273779 
16 28 0.0  Commodities: 0 47.54321771091497 1 3.015667863043103 2 18.16698103108211 3 0.0 4 27.783607037986894 
28 16 0.0  Commodities: 0 0.0 1 0.0 2 0.0 3 0.0 4 0.0 
17 18 0.0  Commodities: 0 0.0 1 0.0 2 0.0 3 0.0 4 0.0 
18 17 0.0  Commodities: 0 50.326778654385514 1 4.18284133009942 2 0.0 3 0.0 4 25.52026505264345 
17 29 0.0  Commodities: 0 5.46139632049951 1 1.1671735210094587 2 0.0 3 0.0 4 0.0 
29 17 0.0  Commodities: 0 0.0 1 0.0 2 0.0 3 0.0 4 0.0 
18 19 0.0  Commodities: 0 0.0 1 22.389923502894383 2 0.0 3 0.0 4 0.0 
19 18 1.3928234912514847  Commodities: 0 3.4848107108149615 1 0.0 2 0.0 3 0.0 4 25.519042347168988 
18 30 8.25679029448532  Commodities: 0 0.0 1 6.354709920714074 2 0.0 3 0.0 4 0.0 
30 18 0.0  Commodities: 0 46.84075266342277 1 0.0 2 0.0 3 0.0 4 0.0 
19 20 4.778270242744334  Commodities: 0 0.0 1 15.860008750593126 2 0.0 3 0.0 4 0.0 
20 19 6.904075739756507  Commodities: 0 0.9429695026721757 1 0.0 2 0.0 3 0.0 4 24.13972202319727 
19 31 5.1163619508793445  Commodities: 0 0.0 1 5.9530691036159 2 0.0 3 0.0 4 0.0 
31 19 0.0  Commodities: 0 1.7564712252101031 1 0.0 2 0.0 3 0.0 4 0.0 
20 21 0.0  Commodities: 0 0.0 1 0.0 2 0.0 3 0.0 4 0.0 
21 20 2.461921588771048  Commodities: 0 0.0 1 0.0 2 0.0 3 0.0 4 32.864463241046174 
20 32 0.0  Commodities: 0 0.0 1 16.956998492058396 2 0.0 3 0.0 4 0.0 
32 20 0.0  Commodities: 0 4.407390128893436 1 0.0 2 0.0 3 0.0 4 0.0 
21 22 1.3838176838145273  Commodities: 0 0.0 1 0.0 2 0.0 3 0.0 4 7.849670027546057 
22 21 0.0  Commodities: 0 0.0 1 0.0 2 0.0 3 0.0 4 0.0 
21 33 0.0  Commodities: 0 0.0 1 0.0 2 0.0 3 0.0 4 24.340285563659812 
33 21 0.0  Commodities: 0 0.0 1 0.0 2 0.0 3 0.0 4 0.0 
22 23 0.0  Commodities: 0 0.0 1 0.1317058795735825 2 0.0 3 0.0 4 5.405949348880408 
23 22 0.0  Commodities: 0 0.0 1 0.0 2 0.0 3 0.0 4 0.0 
22 34 1.4171203386667486  Commodities: 0 0.0 1 0.32506985790285586 2 0.0 3 0.0 4 2.564582142060485 
34 22 0.0  Commodities: 0 0.0 1 0.0 2 0.0 3 0.0 4 0.0 
23 35 0.28083083648746765  Commodities: 0 0.0 1 1.227311318284633 2 0.0 3 0.0 4 7.9013304988272175 
35 23 0.0  Commodities: 0 0.0 1 0.0 2 0.0 3 0.0 4 0.0 
24 25 0.0  Commodities: 0 0.0 1 0.0 2 0.0 3 0.0 4 0.0 
25 24 0.0  Commodities: 0 0.0 1 0.0 2 0.0 3 0.0 4 0.0 
24 36 0.0  Commodities: 0 0.0 1 0.0 2 0.0 3 0.0 4 0.04021348141583877 
36 24 0.0  Commodities: 0 0.0 1 0.0 2 1.368824864070924 3 0.0 4 0.0 
25 26 5.911816833125112  Commodities: 0 0.0 1 0.0 2 0.8499794444434188 3 0.0 4 0.0 
26 25 0.0  Commodities: 0 0.0 1 0.0 2 0.0 3 0.0 4 0.0 
25 37 0.0  Commodities: 0 0.0 1 0.0 2 0.0 3 0.0 4 2.2538809299537093 
37 25 0.0  Commodities: 0 0.0 1 0.0 2 13.741824407979271 3 0.0 4 0.0 
26 27 0.0  Commodities: 0 0.0 1 0.0 2 7.275009426922973 3 0.0 4 0.0 
27 26 0.0  Commodities: 0 0.0 1 0.0 2 0.0 3 0.0 4 26.837053731506614 
26 38 8.43638781601554  Commodities: 0 0.0 1 0.0 2 0.0 3 0.0 4 40.521768789321946 
38 26 1.2773867149939555  Commodities: 0 0.0 1 0.0 2 6.4250299823536405 3 0.0 4 0.0 
27 28 13.645102113617146  Commodities: 0 0.0 1 0.0 2 10.464288095095625 3 0.0 4 0.0 
28 27 11.047506873675452  Commodities: 0 0.0 1 0.0 2 0.0 3 0.0 4 26.717987633032326 
27 39 0.0  Commodities: 0 0.0 1 0.0 2 0.0 3 0.0 4 0.31231944336237477 
39 27 0.0  Commodities: 0 0.0 1 0.0 2 7.095589941649546 3 0.0 4 0.0 
28 29 0.0  Commodities: 0 47.54321777231855 1 3.015667697599072 2 28.631269184673368 3 0.0 4 0.0 
29 28 0.0  Commodities: 0 0.0 1 0.0 2 0.0 3 0.0 4 0.0 
28 40 3.59624117376125  Commodities: 0 0.0 1 0.0 2 0.0 3 0.0 4 1.0656194798783465 
40 28 0.0  Commodities: 0 0.0 1 0.0 2 0.0 3 0.0 4 0.0 
29 30 0.0  Commodities: 0 0.0 1 4.182841134070634 2 0.0 3 0.0 4 0.0 
30 29 11.825173512620381  Commodities: 0 11.427611929359873 1 0.0 2 0.0 3 0.0 4 0.0 
29 41 3.0726533148230146  Commodities: 0 0.0 1 0.0 2 28.631269156300718 3 0.0 4 0.0 
41 29 1.882799507874843  Commodities: 0 4.567774018235496 1 0.0 2 0.0 3 0.0 4 0.0 
30 31 0.0  Commodities: 0 0.0 1 3.661679397348988 2 0.0 3 0.0 4 0.0 
31 30 0.09235303351713853  Commodities: 0 58.26836458896376 1 0.0 2 0.0 3 0.0 4 0.0 
30 42 0.0  Commodities: 0 0.0 1 6.875871662699249 2 0.0 3 0.0 4 0.0 
42 30 0.0  Commodities: 0 0.0 1 0.0 2 0.0 3 0.0 4 0.0 
31 32 0.0  Commodities: 0 0.0 1 0.0 2 0.0 3 0.0 4 0.0 
32 31 8.497146017070222  Commodities: 0 59.792823985750175 1 0.0 2 0.0 3 0.0 4 0.0 
31 43 0.0  Commodities: 0 0.0 1 9.614748505755934 2 0.0 3 0.0 4 0.0 
43 31 0.0  Commodities: 0 0.2320118437371371 1 0.0 2 0.0 3 0.0 4 0.0 
32 33 0.0  Commodities: 0 0.0 1 0.0 2 0.0 3 0.0 4 0.0 
33 32 0.0  Commodities: 0 0.0 1 0.0 2 0.0 3 0.0 4 0.621233905877018 
32 44 1.5311919077220892  Commodities: 0 4.799785853555604 1 16.956998500360655 2 0.0 3 0.0 4 0.6212338012688454 
44 32 0.0  Commodities: 0 0.0 1 0.0 2 0.0 3 0.0 4 0.0 
33 34 0.0  Commodities: 0 0.0 1 0.0 2 0.0 3 0.0 4 5.027368820627685 
34 33 0.0  Commodities: 0 0.0 1 0.0 2 0.0 3 0.0 4 0.0 
33 45 3.252625771127583  Commodities: 0 0.0 1 0.0 2 0.0 3 0.0 4 18.69168285331798 
45 33 0.0  Commodities: 0 0.0 1 0.0 2 0.0 3 0.0 4 0.0 
34 35 0.0  Commodities: 0 0.0 1 0.18008562644789392 2 0.0 3 0.0 4 2.1873401874824405 
35 34 0.0  Commodities: 0 0.0 1 0.0 2 0.0 3 0.0 4 0.0 
34 46 0.8420310126422166  Commodities: 0 0.0 1 0.14498418839658525 2 0.0 3 0.0 4 5.404610716092742 
46 34 0.0  Commodities: 0 0.0 1 0.0 2 0.0 3 0.0 4 0.0 
35 47 0.0  Commodities: 0 0.0 1 1.4073969185044313 2 0.0 3 0.0 4 10.088670660297032 
47 35 0.0  Commodities: 0 0.0 1 0.0 2 0.0 3 0.0 4 0.0 
36 37 0.0  Commodities: 0 0.0 1 0.0 2 0.0 3 0.0 4 0.0 
37 36 0.0  Commodities: 0 0.0 1 0.0 2 1.3688248761287378 3 0.0 4 0.0 
36 48 0.0  Commodities: 0 0.0 1 0.0 2 0.0 3 0.0 4 0.04021347429394152 
48 36 0.0  Commodities: 0 0.0 1 0.0 2 0.0 3 0.0 4 0.0 
37 38 8.907763231241404  Commodities: 0 0.0 1 0.0 2 0.0 3 0.0 4 0.42403980581947653 
38 37 0.0  Commodities: 0 0.0 1 0.0 2 0.0 3 0.0 4 0.0 
37 49 6.811645674447789  Commodities: 0 0.0 1 0.0 2 0.0 3 0.0 4 1.829841145257351 
49 37 0.0  Commodities: 0 0.0 1 0.0 2 15.110649280834984 3 0.0 4 0.0 
38 39 0.16664345211791698  Commodities: 0 0.0 1 0.0 2 26.574087243184604 3 0.0 4 0.0 
39 38 7.027917928063047  Commodities: 0 0.0 1 0.0 2 0.0 3 0.0 4 13.307173009902046 
38 50 0.0  Commodities: 0 0.0 1 0.0 2 0.0 3 0.0 4 0.0 
50 38 0.0  Commodities: 0 0.0 1 0.0 2 32.99911722483007 3 0.0 4 24.74701841949136 
39 40 9.757130857320305  Commodities: 0 0.0 1 0.0 2 16.501725621170365 3 0.0 4 0.0 
40 39 3.3178422746202614  Commodities: 0 0.0 1 0.0 2 0.0 3 0.0 4 2.647582414015685 
39 51 0.0  Commodities: 0 0.0 1 0.0 2 2.976771697041621 3 0.0 4 0.0 
51 39 0.0  Commodities: 0 0.0 1 0.0 2 0.0 3 0.0 4 10.347271169196597 
40 41 12.77699326520738  Commodities: 0 0.0 1 0.0 2 33.31425881873924 3 0.0 4 0.0 
41 40 0.0  Commodities: 0 0.0 1 0.0 2 0.0 3 0.0 4 16.66107356127832 
40 52 0.0  Commodities: 0 0.0 1 0.0 2 0.0 3 0.0 4 15.07911062530024 
52 40 3.4880245109499466  Commodities: 0 0.0 1 0.0 2 16.812533252584167 3 0.0 4 0.0 
41 42 0.0  Commodities: 0 0.0 1 0.0 2 0.0 3 0.0 4 0.0 
42 41 10.029078509690308  Commodities: 0 3.197953105021452 1 0.0 2 0.0 3 0.0 4 15.699083202848184 
41 53 0.0  Commodities: 0 0.0 1 0.0 2 0.0 3 0.0 4 0.0 
53 41 0.0  Commodities: 0 1.3698209557626746 1 0.0 2 25.05447200264577 3 0.0 4 0.9619903942360325 
42 43 0.0  Commodities: 0 0.0 1 0.0 2 0.0 3 0.0 4 0.0 
43 42 0.0  Commodities: 0 3.197953113649909 1 0.0 2 0.0 3 0.0 4 15.699083207543648 
42 54 9.161958993497429  Commodities: 0 0.0 1 6.8758716582382196 2 0.0 3 0.0 4 0.0 
54 42 0.0  Commodities: 0 0.0 1 0.0 2 0.0 3 0.0 4 0.0 
43 44 0.0  Commodities: 0 0.0 1 9.61474850600357 2 0.0 3 0.0 4 0.0 
44 43 0.0  Commodities: 0 4.799785491272628 1 0.0 2 0.0 3 0.0 4 16.46903113077482 
43 55 8.167357860454246  Commodities: 0 1.369820549520273 1 0.0 2 0.0 3 0.0 4 0.7699478456626424 
55 43 0.0  Commodities: 0 0.0 1 0.0 2 0.0 3 0.0 4 0.0 
44 45 0.0  Commodities: 0 0.0 1 9.507258827572576 2 0.0 3 0.0 4 0.0 
45 44 0.0  Commodities: 0 0.0 1 0.0 2 0.0 3 0.0 4 15.847797381079273 
44 56 10.668670053230016  Commodities: 0 0.0 1 17.064488194602887 2 0.0 3 0.0 4 0.0 
56 44 0.0  Commodities: 0 0.0 1 0.0 2 0.0 3 0.0 4 0.0 
45 46 0.0  Commodities: 0 0.0 1 1.911770464140867 2 0.0 3 0.0 4 0.7303033579667947 
46 45 0.0  Commodities: 0 0.0 1 0.0 2 0.0 3 0.0 4 0.0 
45 57 3.598809103095988  Commodities: 0 0.0 1 7.595488384078999 2 0.0 3 0.0 4 2.1135821659873493 
57 45 0.0  Commodities: 0 0.0 1 0.0 2 0.0 3 0.0 4 0.0 
46 47 0.0  Commodities: 0 0.0 1 0.0 2 0.0 3 0.0 4 0.0 
47 46 0.0  Commodities: 0 0.0 1 0.0 2 0.0 3 0.0 4 0.0 
46 58 0.0  Commodities: 0 0.0 1 2.056754713020338 2 0.0 3 0.0 4 6.134914130394946 
58 46 0.0  Commodities: 0 0.0 1 0.0 2 0.0 3 0.0 4 0.0 
47 59 0.0  Commodities: 0 0.0 1 1.4073968536950778 2 0.0 3 0.0 4 10.088670599583974 
59 47 0.0  Commodities: 0 0.0 1 0.0 2 0.0 3 0.0 4 0.0 
48 49 0.0  Commodities: 0 0.0 1 0.0 2 0.0 3 0.0 4 0.04021346414755471 
49 48 0.0  Commodities: 0 0.0 1 0.0 2 0.6988145397459955 3 0.0 4 0.0 
48 60 0.0  Commodities: 0 0.0 1 0.0 2 0.6988145669414216 3 0.0 4 0.0 
60 48 0.0  Commodities: 0 0.0 1 0.0 2 0.0 3 0.0 4 0.0 
49 50 0.0  Commodities: 0 0.0 1 0.0 2 63.305824163551335 3 0.0 4 1.8700876654659164 
50 49 0.0  Commodities: 0 0.0 1 0.0 2 0.0 3 0.0 4 0.0 
49 61 5.374744263428745  Commodities: 0 0.0 1 0.0 2 7.884712066495464 3 0.0 4 0.0 
61 49 0.0  Commodities: 0 0.0 1 0.0 2 0.0 3 0.0 4 3.30846513438717E-5 
50 51 5.523589142440056  Commodities: 0 0.0 1 0.0 2 11.206436094904412 3 0.0 4 0.0 
51 50 9.772229155440712  Commodities: 0 0.0 1 0.0 2 0.0 3 0.0 4 12.809765234983015 
50 62 6.796239709376685  Commodities: 0 0.0 1 0.0 2 19.100270853061406 3 0.0 4 0.0 
62 50 0.0  Commodities: 0 0.0 1 0.0 2 0.0 3 0.0 4 10.067165523434737 
51 52 0.0  Commodities: 0 0.0 1 0.0 2 22.213716466132087 3 0.0 4 0.0 
52 51 0.0  Commodities: 0 0.0 1 0.0 2 0.0 3 0.0 4 27.981678508192957 
51 63 0.0  Commodities: 0 0.0 1 0.0 2 0.0 3 0.0 4 4.824642110188515 
63 51 0.0  Commodities: 0 0.0 1 0.0 2 8.030508680183983 3 0.0 4 0.0 
52 53 20.565103251471974  Commodities: 0 0.0 1 0.0 2 5.32659174463278 3 0.0 4 0.0 
53 52 2.569413865936909  Commodities: 0 0.0 1 0.0 2 0.0 3 0.0 4 12.162271375417655 
52 64 0.0  Commodities: 0 0.0 1 0.0 2 0.07459150183714398 3 0.0 4 0.0 
64 52 0.0  Commodities: 0 0.0 1 0.0 2 0.0 3 0.0 4 0.7402965466081264 
53 54 0.0  Commodities: 0 0.0 1 0.0 2 0.0 3 0.0 4 0.0 
54 53 0.0  Commodities: 0 1.369820963999277 1 0.0 2 0.39608919389493996 3 0.0 4 13.124261938840508 
53 65 0.0  Commodities: 0 0.0 1 0.0 2 0.0 3 0.0 4 0.0 
65 53 4.899099604973195  Commodities: 0 0.0 1 0.0 2 19.33179106888108 3 0.0 4 0.0 
54 55 0.0  Commodities: 0 0.0 1 2.2979046701297765 2 0.0 3 0.0 4 0.0 
55 54 0.0  Commodities: 0 1.3698208843471826 1 0.0 2 0.0 3 0.0 4 13.124261914710155 
54 66 0.0  Commodities: 0 0.0 1 4.577967078903239 2 0.0 3 0.0 4 0.0 
66 54 0.0  Commodities: 0 0.0 1 0.0 2 0.39608918641244456 3 0.0 4 0.0 
55 56 1.431567402489243  Commodities: 0 0.0 1 2.2979046580284326 2 0.0 3 0.0 4 0.0 
56 55 0.0  Commodities: 0 0.0 1 0.0 2 0.0 3 0.0 4 12.354313874335745 
55 67 0.0  Commodities: 0 0.0 1 0.0 2 0.0 3 0.0 4 0.0 
67 55 0.0  Commodities: 0 0.0 1 0.0 2 0.0 3 0.0 4 0.0 
56 57 0.0  Commodities: 0 0.0 1 0.0 2 0.0 3 0.0 4 0.0 
57 56 3.4754265354921667  Commodities: 0 0.0 1 11.110532733863945 2 0.0 3 0.0 4 12.354313882863629 
56 68 0.0  Commodities: 0 0.0 1 0.0 2 0.0 3 0.0 4 0.0 
68 56 0.0  Commodities: 0 0.0 1 4.527074464586829 2 0.0 3 0.0 4 0.0 
57 58 0.0  Commodities: 0 0.0 1 0.0 2 0.0 3 0.0 4 0.0 
58 57 0.0  Commodities: 0 0.0 1 3.18674864185624 2 0.0 3 0.0 4 10.175398173358332 
57 69 0.0  Commodities: 0 0.0 1 0.0 2 0.0 3 0.0 4 0.0 
69 57 0.014486631330456134  Commodities: 0 0.0 1 0.3282957118979051 2 0.0 3 0.0 4 0.06533354620393536 
58 59 0.0  Commodities: 0 0.0 1 0.0 2 0.0 3 0.0 4 0.0 
59 58 0.0  Commodities: 0 0.0 1 1.2320742692638822 2 0.0 3 0.0 4 8.44997811876984 
58 70 0.5391482364049196  Commodities: 0 0.0 1 0.10208034036991985 2 0.0 3 0.0 4 4.409494076223635 
70 58 0.0  Commodities: 0 0.0 1 0.0 2 0.0 3 0.0 4 0.0 
59 71 0.0  Commodities: 0 0.0 1 0.1753225889398554 2 0.0 3 0.0 4 1.6386924854602332 
71 59 0.0  Commodities: 0 0.0 1 0.0 2 0.0 3 0.0 4 0.0 
60 61 0.0  Commodities: 0 0.0 1 0.0 2 0.6988145557304569 3 0.0 4 0.0 
61 60 0.0  Commodities: 0 0.0 1 0.0 2 0.0 3 0.0 4 0.0 
61 62 0.0  Commodities: 0 0.0 1 0.0 2 8.583526602483582 3 0.0 4 0.0 
62 61 0.0  Commodities: 0 0.0 1 0.0 2 0.0 3 0.0 4 3.307782902644695E-5 
62 63 0.0  Commodities: 0 0.0 1 0.0 2 27.683797446123332 3 0.0 4 0.0 
63 62 0.0  Commodities: 0 0.0 1 0.0 2 0.0 3 0.0 4 10.067198592748692 
63 64 0.7117659206936864  Commodities: 0 0.0 1 0.0 2 19.653288768146204 3 0.0 4 0.0 
64 63 3.197206332137881  Commodities: 0 0.0 1 0.0 2 0.0 3 0.0 4 5.2425564846997705 
64 65 12.985830459887715  Commodities: 0 0.0 1 0.0 2 19.727880239369973 3 0.0 4 0.0 
65 64 3.0766794239083737  Commodities: 0 0.0 1 0.0 2 0.0 3 0.0 4 5.982852994848062 
65 66 0.0  Commodities: 0 0.0 1 0.0 2 0.3960891825108147 3 0.0 4 0.0 
66 65 0.0  Commodities: 0 0.0 1 0.0 2 0.0 3 0.0 4 5.982852821159849 
66 67 0.0  Commodities: 0 0.0 1 4.577967260713302 2 0.0 3 0.0 4 0.0 
67 66 0.0  Commodities: 0 0.0 1 0.0 2 0.0 3 0.0 4 5.982852852680148 
67 68 0.0  Commodities: 0 0.0 1 4.577967242229638 2 0.0 3 0.0 4 0.0 
68 67 1.1024782519053247  Commodities: 0 0.0 1 0.0 2 0.0 3 0.0 4 5.98285302076704 
68 69 0.0  Commodities: 0 0.0 1 0.050892805925629725 2 0.0 3 0.0 4 0.0 
69 68 0.0  Commodities: 0 0.0 1 0.0 2 0.0 3 0.0 4 5.982853033076359 
69 70 0.0  Commodities: 0 0.0 1 0.0 2 0.0 3 0.0 4 0.0 
70 69 0.0  Commodities: 0 0.0 1 0.27740291497508507 2 0.0 3 0.0 4 6.048186546512879 
70 71 0.0  Commodities: 0 0.0 1 0.0 2 0.0 3 0.0 4 0.0 
71 70 0.0  Commodities: 0 0.0 1 0.17532263743568774 2 0.0 3 0.0 4 1.638692538681874 
 Execution Time:  10814 ms
 true Commodity ID : 0 KP : 135.12682466850794 LP : 135.12682466850794
 true Commodity ID : 1 KP : 123.86834295987245 LP : 123.86834295987245
 true Commodity ID : 2 KP : 144.2335365204517 LP : 144.2335365204517
 true Commodity ID : 3 KP : 56.096855264134014 LP : 56.096855264134014
 false Commodity ID : 4 KP : 245.75407413084224 LP : 250.1526715153909

Number of Toll Stations: 69
SocialOptimum : 315132.7822196488
