0 1 0.0  Commodities: 0 0.0 1 0.0 2 0.0 3 0.0 4 0.0 
1 0 0.0  Commodities: 0 0.0 1 0.0 2 0.0 3 3.5716546714654993 4 0.0 
0 8 0.0  Commodities: 0 0.0 1 0.0 2 0.0 3 3.571654666958698 4 0.0 
8 0 0.0  Commodities: 0 0.0 1 0.0 2 0.0 3 0.0 4 0.0 
1 2 0.0  Commodities: 0 0.0 1 0.0 2 0.0 3 0.0 4 0.0 
2 1 0.0  Commodities: 0 0.0 1 0.0 2 0.0 3 35.56029776815316 4 0.0 
1 9 3.6577336742154216  Commodities: 0 0.0 1 0.0 2 0.0 3 31.988643108212955 4 0.0 
9 1 0.0  Commodities: 0 0.0 1 0.0 2 0.0 3 0.0 4 0.0 
2 3 0.0  Commodities: 0 0.0 1 0.0 2 0.0 3 0.0 4 0.0 
3 2 0.0  Commodities: 0 0.0 1 0.0 2 0.0 3 36.72993578511346 4 0.0 
2 10 0.0  Commodities: 0 0.0 1 0.0 2 0.0 3 1.1696380210570012 4 0.0 
10 2 0.0  Commodities: 0 0.0 1 0.0 2 0.0 3 0.0 4 0.0 
3 4 0.0  Commodities: 0 0.0 1 0.0 2 0.0 3 0.0 4 0.0 
4 3 0.0  Commodities: 0 0.0 1 0.0 2 0.0 3 31.128454296954047 4 0.0 
3 11 0.0  Commodities: 0 0.0 1 0.0 2 0.0 3 0.0 4 0.0 
11 3 0.0  Commodities: 0 0.0 1 0.0 2 0.0 3 5.601481496797771 4 0.0 
4 5 0.0  Commodities: 0 0.0 1 0.0 2 0.0 3 0.0 4 0.0 
5 4 0.0  Commodities: 0 0.0 1 0.0 2 0.0 3 7.173173198631065 4 0.0 
4 12 0.0  Commodities: 0 0.0 1 0.0 2 0.0 3 0.0 4 0.0 
12 4 4.729932232778225  Commodities: 0 0.0 1 0.0 2 0.0 3 23.955281096784926 4 0.0 
5 6 0.0  Commodities: 0 0.0 1 0.0 2 0.0 3 0.0 4 0.0 
6 5 1.213322375040093  Commodities: 0 0.0 1 0.0 2 0.0 3 0.20300975381510647 4 0.0 
5 13 0.0  Commodities: 0 0.0 1 0.0 2 0.0 3 0.0 4 0.0 
13 5 4.5666619173131835  Commodities: 0 0.0 1 0.0 2 0.0 3 6.970163449134855 4 0.0 
6 7 0.0  Commodities: 0 0.0 1 0.0 2 0.0 3 0.0 4 0.0 
7 6 0.0  Commodities: 0 0.0 1 0.0 2 0.0 3 0.0 4 0.0 
6 14 0.0  Commodities: 0 0.0 1 0.0 2 0.0 3 0.0 4 0.0 
14 6 0.0  Commodities: 0 0.0 1 0.0 2 0.0 3 0.20300962798960112 4 0.0 
7 15 0.0  Commodities: 0 0.0 1 0.0 2 0.0 3 0.0 4 0.0 
15 7 0.0  Commodities: 0 0.0 1 0.0 2 0.0 3 0.0 4 0.0 
8 9 0.0  Commodities: 0 0.0 1 0.0 2 0.0 3 5.351680769208451 4 0.0 
9 8 0.0  Commodities: 0 0.0 1 0.0 2 0.0 3 0.0 4 0.0 
8 16 0.0  Commodities: 0 0.0 1 0.0 2 0.0 3 0.0 4 0.0 
16 8 0.0  Commodities: 0 0.0 1 0.0 2 0.0 3 1.7800260969565116 4 0.0 
9 10 0.0  Commodities: 0 0.0 1 0.0 2 0.0 3 0.0 4 0.0 
10 9 0.6473841565046143  Commodities: 0 0.0 1 0.0 2 0.0 3 15.647153096135547 4 0.0 
9 17 0.0  Commodities: 0 0.0 1 0.0 2 0.0 3 0.0 4 0.0 
17 9 7.797730425717106  Commodities: 0 0.0 1 0.0 2 0.0 3 3.0125230448715423 4 0.0 
10 11 0.0  Commodities: 0 0.0 1 0.0 2 0.0 3 0.0 4 0.0 
11 10 8.88611555344869  Commodities: 0 0.0 1 0.0 2 0.0 3 11.995366088627891 4 0.0 
10 18 0.0  Commodities: 0 0.0 1 0.0 2 0.0 3 0.0 4 0.0 
18 10 3.3571956611135647  Commodities: 0 0.0 1 0.0 2 0.0 3 2.482149002910967 4 0.0 
11 12 0.0  Commodities: 0 0.0 1 0.0 2 0.0 3 0.0 4 0.0 
12 11 0.0  Commodities: 0 0.0 1 0.0 2 0.0 3 2.4867884540587575 4 0.12061592017987496 
11 19 0.0  Commodities: 0 0.0 1 0.0 2 0.0 3 0.0 4 0.12061589132617928 
19 11 0.0  Commodities: 0 0.0 1 0.0 2 0.0 3 15.1100591311572 4 0.0 
12 13 0.0  Commodities: 0 0.0 1 0.0 2 0.0 3 0.0 4 0.0 
13 12 0.0  Commodities: 0 0.0 1 0.0 2 0.0 3 7.245069482287465 4 2.721304377459318 
12 20 0.0  Commodities: 0 0.0 1 0.0 2 0.0 3 0.0 4 2.6006884310692886 
20 12 5.069585327387017  Commodities: 0 0.0 1 0.0 2 0.0 3 19.197000070816685 4 0.0 
13 14 0.0  Commodities: 0 0.0 1 0.0 2 0.0 3 0.0 4 0.0 
14 13 0.0  Commodities: 0 0.0 1 0.0 2 0.0 3 0.5141322425896375 4 2.721312159931767 
13 21 0.0  Commodities: 0 0.0 1 0.0 2 0.0 3 0.0 4 7.751138909926816E-6 
21 13 2.301662174690866  Commodities: 0 0.0 1 0.0 2 0.0 3 13.70110069183677 4 0.0 
14 15 0.0  Commodities: 0 0.0 1 0.0 2 0.0 3 0.0 4 0.0 
15 14 0.0  Commodities: 0 0.0 1 0.0 2 0.0 3 0.0 4 2.8953188703875163 
14 22 0.0  Commodities: 0 0.0 1 0.0 2 0.0 3 0.0 4 0.17400671134552761 
22 14 7.215331937079625  Commodities: 0 0.0 1 0.0 2 0.0 3 0.7171418537559415 4 0.0 
15 23 0.0  Commodities: 0 0.0 1 0.0 2 0.0 3 0.0 4 0.0 
23 15 0.0  Commodities: 0 0.0 1 0.0 2 0.0 3 0.0 4 2.8953192034221185 
16 17 0.0  Commodities: 0 0.0 1 0.0 2 0.0 3 0.0 4 0.0 
17 16 1.526385835011979  Commodities: 0 0.0 1 0.0 2 0.0 3 1.7800259910638938 4 0.0 
16 24 0.0  Commodities: 0 0.0 1 0.0 2 0.0 3 0.0 4 0.0 
24 16 0.0  Commodities: 0 0.0 1 0.0 2 0.0 3 0.0 4 0.0 
17 18 0.0  Commodities: 0 0.0 1 0.0 2 0.0 3 0.0 4 0.0 
18 17 3.756986501988237  Commodities: 0 0.0 1 0.0 2 0.0994003427938841 3 4.79254905480381 4 0.0 
17 25 0.0  Commodities: 0 0.0 1 0.0 2 0.0994003281543122 3 0.0 4 0.0 
25 17 0.0  Commodities: 0 0.0 1 0.0 2 0.0 3 0.0 4 0.0 
18 19 0.0  Commodities: 0 0.0 1 0.0 2 0.0 3 0.0 4 0.0 
19 18 0.0  Commodities: 0 0.0 1 0.0 2 7.907720030083022 3 7.274698074340114 4 0.0 
18 26 0.0  Commodities: 0 0.0 1 0.0 2 7.80831977798882 3 0.0 4 0.0 
26 18 0.0  Commodities: 0 0.0 1 0.0 2 0.0 3 0.0 4 0.0 
19 20 0.0  Commodities: 0 0.0 1 0.0 2 0.0 3 0.0 4 0.0 
20 19 6.289392198597199  Commodities: 0 0.0 1 0.0 2 3.5152372950352593 3 5.095314748910909 4 0.0 
19 27 0.0  Commodities: 0 0.0 1 0.0 2 0.0 3 0.0 4 0.1206158669187859 
27 19 0.0  Commodities: 0 0.0 1 0.0 2 4.392482738509447 3 17.289442455239136 4 0.0 
20 21 0.0  Commodities: 0 0.0 1 0.0 2 0.0 3 0.0 4 0.0 
21 20 0.6166645034811182  Commodities: 0 0.0 1 0.0 2 4.773128550628753 3 25.44191560423283 4 2.983286742015344 
20 28 0.0  Commodities: 0 0.0 1 0.0 2 1.2578912414052499 3 1.1496007921001166 4 5.583975172970528 
28 20 0.0  Commodities: 0 0.0 1 0.0 2 0.0 3 0.0 4 0.0 
21 22 0.0  Commodities: 0 0.0 1 0.0 2 0.0 3 0.0 4 0.0 
22 21 1.473301674634019  Commodities: 0 0.0 1 0.0 2 0.0 3 17.087968275975644 4 2.9832789843732455 
21 29 0.0  Commodities: 0 0.0 1 0.0 2 0.0 3 0.0 4 0.0 
29 21 0.0  Commodities: 0 0.0 1 0.0 2 4.773128617294982 3 22.055048021665215 4 0.0 
22 23 0.0  Commodities: 0 0.0 1 0.0 2 0.0 3 0.0 4 0.0 
23 22 7.6030446290996  Commodities: 0 0.0 1 0.0 2 0.0 3 0.0 4 2.809272267193595 
22 30 0.0  Commodities: 0 0.0 1 0.0 2 0.0 3 0.0 4 0.0 
30 22 7.451023690758646  Commodities: 0 0.0 1 0.0 2 0.0 3 17.805110250352914 4 0.0 
23 31 0.0  Commodities: 0 0.0 1 0.0 2 0.0 3 0.0 4 0.0 
31 23 6.917517777500734  Commodities: 0 0.0 1 0.0 2 0.0 3 0.0 4 5.704591461060006 
24 25 0.0  Commodities: 0 0.0 1 0.0 2 0.0 3 0.0 4 0.0 
25 24 0.0  Commodities: 0 0.0 1 0.0 2 0.0 3 0.0 4 0.0 
24 32 0.0  Commodities: 0 21.999999899214625 1 0.0 2 0.0 3 0.0 4 0.0 
32 24 0.0  Commodities: 0 0.0 1 0.0 2 0.0 3 0.0 4 0.0 
25 26 0.0  Commodities: 0 0.0 1 0.0 2 0.0 3 0.0 4 0.0 
26 25 0.0  Commodities: 0 0.0 1 0.0 2 13.705141672567384 3 0.0 4 0.0 
25 33 0.0  Commodities: 0 0.0 1 0.0 2 13.804541989504422 3 0.0 4 0.0 
33 25 0.0  Commodities: 0 0.0 1 0.0 2 0.0 3 0.0 4 0.0 
26 27 0.0  Commodities: 0 0.0 1 0.0 2 0.0 3 0.0 4 0.0 
27 26 6.724215048082527  Commodities: 0 0.0 1 0.0 2 6.542180445773089 3 0.0 4 0.0 
26 34 0.24139883105789295  Commodities: 0 0.0 1 0.0 2 0.6453585583911849 3 0.0 4 0.0 
34 26 0.0  Commodities: 0 0.0 1 0.0 2 0.0 3 0.0 4 0.0 
27 28 0.0  Commodities: 0 0.0 1 0.0 2 0.0 3 0.0 4 0.0 
28 27 2.5959869175868184  Commodities: 0 0.0 1 0.0 2 6.158385954352082 3 15.86683290193073 4 3.618152920497801 
27 35 0.0  Commodities: 0 0.0 1 0.0 2 0.0 3 0.0 4 3.7387687799728644 
35 27 0.0  Commodities: 0 0.0 1 0.0 2 4.776277235623324 3 1.4226095918647061 4 0.0 
28 29 0.0  Commodities: 0 0.0 1 0.0 2 0.0 3 0.0 4 0.0 
29 28 1.764027058660048  Commodities: 0 0.0 1 0.0 2 4.179509502264055 3 14.300741600835739 4 0.0 
28 36 0.0  Commodities: 0 0.0 1 0.0 2 0.0 3 0.0 4 1.9658222751128565 
36 28 1.418224718809313  Commodities: 0 0.0 1 0.0 2 0.7209852169119836 3 0.4164905148729664 4 0.0 
29 30 0.0  Commodities: 0 0.0 1 0.0 2 0.0 3 0.0 4 0.0 
30 29 8.292133128313623  Commodities: 0 0.0 1 0.0 2 0.0 3 35.72122258380358 4 0.0 
29 37 0.0  Commodities: 0 0.0 1 0.0 2 0.0 3 0.0 4 0.0 
37 29 0.0  Commodities: 0 0.0 1 0.0 2 8.952638115981928 3 0.6345670367227292 4 0.0 
30 31 0.0  Commodities: 0 0.0 1 0.0 2 0.0 3 0.0 4 0.0 
31 30 7.976746300036183  Commodities: 0 0.0 1 0.0 2 0.0 3 0.0 4 10.976381485840964 
30 38 0.0  Commodities: 0 0.0 1 0.0 2 0.0 3 2.473667163473915 4 10.976381469801213 
38 30 0.0  Commodities: 0 0.0 1 0.0 2 0.0 3 0.0 4 0.0 
31 39 0.0  Commodities: 0 0.0 1 0.0 2 0.0 3 0.0 4 1.3190270600479725 
39 31 0.0  Commodities: 0 0.0 1 0.0 2 0.0 3 0.0 4 0.0 
32 33 0.0  Commodities: 0 0.0 1 0.0 2 0.0 3 0.0 4 0.0 
33 32 0.0  Commodities: 0 0.0 1 0.0 2 2.5224527143058006 3 0.0 4 0.0 
32 40 0.0  Commodities: 0 0.0 1 0.0 2 2.5224527424385266 3 0.0 4 0.0 
40 32 0.0  Commodities: 0 0.0 1 0.0 2 0.0 3 0.0 4 0.0 
33 34 0.0  Commodities: 0 0.0 1 0.0 2 0.0 3 0.0 4 0.0 
34 33 0.0  Commodities: 0 0.0 1 0.0 2 5.597595401798698 3 0.0 4 0.0 
33 41 3.537062744792131  Commodities: 0 0.0 1 0.0 2 16.87968467115563 3 0.0 4 0.0 
41 33 0.0  Commodities: 0 0.0 1 0.0 2 0.0 3 0.0 4 0.0 
34 35 0.0  Commodities: 0 0.0 1 0.0 2 0.0 3 0.0 4 0.0 
35 34 7.921739445486324  Commodities: 0 0.0 1 0.0 2 2.17864719404003 3 0.0 4 0.0 
34 42 0.0  Commodities: 0 0.0 1 0.0 2 0.0 3 0.0 4 0.0 
42 34 0.008084549974597621  Commodities: 0 0.0 1 0.0 2 2.773589650413246 3 0.0 4 0.0 
35 36 0.0  Commodities: 0 0.0 1 0.0 2 0.0 3 0.0 4 0.0 
36 35 2.7415493311028647  Commodities: 0 0.0 1 0.0 2 39.46526644611893 3 1.42260960515214 4 11.20823342368447 
35 43 0.0  Commodities: 0 0.0 1 0.0 2 32.51034202081787 3 0.0 4 14.947002193278243 
43 35 0.0  Commodities: 0 0.0 1 0.0 2 0.0 3 0.0 4 0.0 
36 37 0.0  Commodities: 0 0.0 1 0.0 2 0.0 3 0.0 4 0.0 
37 36 4.751931661322317  Commodities: 0 0.0 1 0.0 2 0.9538739071526566 3 0.7465432600672623 4 2.4311774096214336 
36 44 0.0  Commodities: 0 0.0 1 0.0 2 0.0 3 0.0 4 0.0 
44 36 3.310565599959631  Commodities: 0 0.0 1 0.0 2 39.2323777440299 3 1.092556848504831 4 6.8112337419123 
37 38 0.0  Commodities: 0 0.0 1 0.0 2 0.0 3 0.0 4 0.0 
38 37 4.620175931964916  Commodities: 0 0.0 1 46.61055374685013 2 0.0 3 0.5848579053424322 4 1.3767850373345063 
37 45 0.0  Commodities: 0 0.0 1 0.0 2 0.0 3 0.0 4 0.0 
45 37 0.0  Commodities: 0 0.0 1 23.38944625382732 2 9.906512022807327 3 0.796252393081273 4 1.0543923871173213 
38 39 0.0  Commodities: 0 0.0 1 0.0 2 0.0 3 0.0 4 0.0 
39 38 2.9868598122745738  Commodities: 0 0.0 1 49.504299120111405 2 0.0 3 0.0 4 0.4625786597581353 
38 46 0.0  Commodities: 0 0.0 1 2.8937453852761075 2 0.0 3 1.8888092566462023 4 10.062175090576872 
46 38 0.0  Commodities: 0 0.0 1 0.0 2 0.0 3 0.0 4 0.0 
39 47 0.0  Commodities: 0 0.0 1 20.49570086896635 2 0.0 3 0.0 4 0.8564483967710746 
47 39 0.0  Commodities: 0 0.0 1 0.0 2 0.0 3 0.0 4 0.0 
40 41 0.0  Commodities: 0 0.0 1 0.0 2 0.7473457387615504 3 0.0 4 0.0 
41 40 0.0  Commodities: 0 0.0 1 0.0 2 0.0 3 0.0 4 0.0 
40 48 0.0  Commodities: 0 0.0 1 0.0 2 1.7751069946915587 3 0.0 4 0.0 
48 40 0.0  Commodities: 0 0.0 1 0.0 2 0.0 3 0.0 4 0.0 
41 42 0.0  Commodities: 0 0.0 1 0.0 2 0.0 3 0.0 4 0.0 
42 41 10.12610010112057  Commodities: 0 0.0 1 0.0 2 11.794120275791098 3 0.0 4 0.0 
41 49 7.416327918528317  Commodities: 0 0.0 1 0.0 2 29.421150681804903 3 0.0 4 0.0 
49 41 0.0  Commodities: 0 0.0 1 0.0 2 0.0 3 0.0 4 0.0 
42 43 0.0  Commodities: 0 0.0 1 0.0 2 0.0 3 0.0 4 0.0 
43 42 1.4708058840559062  Commodities: 0 0.0 1 0.0 2 16.10754053856832 3 0.0 4 0.0 
42 50 0.0  Commodities: 0 0.0 1 0.0 2 1.5398306277464255 3 0.0 4 0.0 
50 42 0.0  Commodities: 0 0.0 1 0.0 2 0.0 3 0.0 4 0.0 
43 44 0.0  Commodities: 0 0.0 1 0.0 2 0.0 3 0.0 4 0.0 
44 43 10.132768232312173  Commodities: 0 0.0 1 0.0 2 6.790297131387519 3 0.0 4 3.052997349846861 
43 51 0.0  Commodities: 0 0.0 1 0.0 2 23.193098617257796 3 0.0 4 17.999999549257378 
51 43 0.0  Commodities: 0 0.0 1 0.0 2 0.0 3 0.0 4 0.0 
44 45 0.0  Commodities: 0 0.0 1 0.0 2 0.0 3 0.0 4 0.0 
45 44 0.0  Commodities: 0 0.0 1 0.0 2 45.63229065914064 3 1.0925568603541564 4 9.864231091260258 
44 52 0.0  Commodities: 0 0.0 1 0.0 2 0.0 3 0.0 4 0.0 
52 44 0.0  Commodities: 0 0.0 1 0.0 2 0.39038421911103116 3 0.0 4 0.0 
45 46 0.0  Commodities: 0 0.0 1 0.0 2 0.0 3 0.0 4 0.0 
46 45 0.0  Commodities: 0 0.0 1 23.38944625237435 2 41.677195457562064 3 1.888809254735835 4 10.918623478223065 
45 53 0.0  Commodities: 0 0.0 1 0.0 2 0.0 3 0.0 4 0.0 
53 45 3.263028629168332  Commodities: 0 0.0 1 0.0 2 13.861607226801155 3 0.0 4 0.0 
46 47 0.0  Commodities: 0 0.0 1 0.0 2 0.0 3 0.0 4 0.0 
47 46 0.0  Commodities: 0 0.0 1 20.495700867135902 2 30.70528902975153 3 0.0 4 0.8564483884866022 
46 54 0.0  Commodities: 0 0.0 1 0.0 2 0.0 3 0.0 4 0.0 
54 46 5.514227860295023  Commodities: 0 0.0 1 0.0 2 10.971906432532274 3 0.0 4 0.0 
47 55 0.0  Commodities: 0 0.0 1 0.0 2 0.0 3 0.0 4 0.0 
55 47 0.0  Commodities: 0 0.0 1 0.0 2 30.705289036513886 3 0.0 4 0.0 
48 49 9.253206596493513  Commodities: 0 0.0 1 0.0 2 1.2879906837632913 3 0.0 4 0.0 
49 48 0.0  Commodities: 0 0.0 1 0.0 2 0.0 3 0.0 4 0.0 
48 56 0.0  Commodities: 0 0.0 1 0.0 2 0.4871163115765472 3 0.0 4 0.0 
56 48 0.0  Commodities: 0 0.0 1 0.0 2 0.0 3 0.0 4 0.0 
49 50 0.0  Commodities: 0 0.0 1 0.0 2 0.0 3 0.0 4 0.0 
50 49 24.90504160826267  Commodities: 0 0.0 1 0.0 2 37.85677699027949 3 0.0 4 0.0 
49 57 0.0  Commodities: 0 0.0 1 0.0 2 0.0 3 0.0 4 0.0 
57 49 0.0  Commodities: 0 0.0 1 0.0 2 19.434081650043456 3 0.0 4 0.0 
50 51 0.0  Commodities: 0 0.0 1 0.0 2 0.0 3 0.0 4 0.0 
51 50 0.0  Commodities: 0 0.0 1 0.0 2 38.66723073615718 3 0.0 4 0.0 
50 58 0.0  Commodities: 0 0.0 1 0.0 2 2.3502843661649147 3 0.0 4 0.0 
58 50 0.0  Commodities: 0 0.0 1 0.0 2 0.0 3 0.0 4 0.0 
51 52 0.0  Commodities: 0 0.0 1 0.0 2 0.0 3 0.0 4 0.0 
52 51 20.718018873823638  Commodities: 0 0.0 1 0.0 2 14.321109371898984 3 0.0 4 0.0 
51 59 0.0  Commodities: 0 0.0 1 0.0 2 0.0 3 0.0 4 0.0 
59 51 0.0  Commodities: 0 0.0 1 0.0 2 1.1530227652733855 3 0.0 4 0.0 
52 53 0.0  Commodities: 0 0.0 1 0.0 2 0.0 3 0.0 4 0.0 
53 52 8.042060847956748  Commodities: 0 0.0 1 0.0 2 14.221178616464897 3 0.0 4 0.0 
52 60 0.0  Commodities: 0 0.0 1 0.0 2 0.0 3 0.0 4 0.0 
60 52 6.669911591792953  Commodities: 0 0.0 1 0.0 2 0.49031497253003015 3 0.0 4 0.0 
53 54 0.0  Commodities: 0 0.0 1 0.0 2 0.0 3 0.0 4 0.0 
54 53 0.7715015546403379  Commodities: 0 0.0 1 0.0 2 1.0069672228506645 3 0.0 4 0.0 
53 61 0.0  Commodities: 0 0.0 1 0.0 2 0.0 3 0.0 4 0.0 
61 53 0.0  Commodities: 0 0.0 1 0.0 2 27.075818627887944 3 0.0 4 0.0 
54 55 0.0  Commodities: 0 0.0 1 0.0 2 25.642915828070663 3 0.0 4 0.0 
55 54 0.0  Commodities: 0 0.0 1 0.0 2 0.0 3 0.0 4 0.0 
54 62 0.0  Commodities: 0 0.0 1 0.0 2 0.0 3 0.0 4 0.0 
62 54 0.23706925095370934  Commodities: 0 0.0 1 0.0 2 37.621789472878675 3 0.0 4 0.0 
55 63 0.0  Commodities: 0 0.0 1 0.0 2 0.0 3 0.0 4 0.0 
63 55 0.0  Commodities: 0 0.0 1 0.0 2 5.062373208286012 3 0.0 4 0.0 
56 57 0.0  Commodities: 0 0.0 1 0.0 2 0.48711631822060397 3 0.0 4 0.0 
57 56 0.0  Commodities: 0 0.0 1 0.0 2 0.0 3 0.0 4 0.0 
57 58 0.0  Commodities: 0 0.0 1 0.0 2 0.0 3 0.0 4 0.0 
58 57 17.60436666580719  Commodities: 0 0.0 1 0.0 2 18.946965342941954 3 0.0 4 0.0 
58 59 0.0  Commodities: 0 0.0 1 0.0 2 0.0 3 0.0 4 0.0 
59 58 2.56470643279674  Commodities: 0 0.0 1 0.0 2 16.596680983883438 3 0.0 4 0.0 
59 60 0.0  Commodities: 0 0.0 1 0.0 2 0.0 3 0.0 4 0.0 
60 59 26.400909434393554  Commodities: 0 0.0 1 0.0 2 17.74970373006951 3 0.0 4 0.0 
60 61 0.0  Commodities: 0 0.0 1 0.0 2 0.0 3 0.0 4 0.0 
61 60 0.0  Commodities: 0 0.0 1 0.0 2 18.240018699160334 3 0.0 4 0.0 
61 62 0.0  Commodities: 0 0.0 1 0.0 2 0.0 3 0.0 4 0.0 
62 61 0.0  Commodities: 0 0.0 1 0.0 2 45.31583733068792 3 0.0 4 0.0 
62 63 0.0  Commodities: 0 0.0 1 0.0 2 5.062373205387011 3 0.0 4 0.0 
63 62 0.0  Commodities: 0 0.0 1 0.0 2 0.0 3 0.0 4 0.0 
 Execution Time :  679 ms
 true Commodity ID : 0 KP : 17.996213284867963 LP : 17.996213284867963
 true Commodity ID : 1 KP : 103.63514182831351 LP : 103.63514182831351
 true Commodity ID : 2 KP : 310.79437625249636 LP : 310.79437625249636
 true Commodity ID : 3 KP : 244.52162184166173 LP : 244.52162184166173
 false Commodity ID : 4 KP : 237.9754877219307 LP : 237.97724052516602

Number of Toll Stations : 50
SocialOptimum : 48025.17441930427
