From       To         Volume          Cost      
0          1          0.0             0.0       
1          0          0.0             0.0       
0          37         0.0             0.0       
37         0          0.0             0.0       
1          2          0.0             0.0       
2          1          0.0             0.0       
1          38         0.0             0.0       
38         1          0.0             0.0       
2          3          0.0             0.0       
3          2          0.0             0.0       
2          39         0.0             0.0       
39         2          0.0             0.0       
3          4          0.0             0.0       
4          3          0.0             0.0       
3          40         0.0             0.0       
40         3          0.0             0.0       
4          5          0.0             0.0       
5          4          0.0             0.0       
4          41         0.0             0.0       
41         4          0.0             0.0       
5          6          0.0             0.0       
6          5          0.0             0.0       
5          42         0.0             0.0       
42         5          0.0             0.0       
6          7          0.0             0.0       
7          6          0.0             0.0       
6          43         0.0             0.0       
43         6          0.0             0.0       
7          8          0.0             0.0       
8          7          0.0             0.0       
7          44         0.0             0.0       
44         7          0.0             0.0       
8          9          0.0             0.0       
9          8          0.0             0.0       
8          45         0.0             0.0       
45         8          0.0             0.0       
9          10         0.0             0.0       
10         9          0.0             0.0       
9          46         0.0             0.0       
46         9          0.0             0.0       
10         11         0.0             0.0       
11         10         0.0             0.0       
10         47         0.0             0.0       
47         10         0.0             0.0       
11         12         0.0             0.0       
12         11         0.0             0.0       
11         48         0.0             0.0       
48         11         0.0             0.0       
12         13         0.0             0.0       
13         12         0.0             0.0       
12         49         0.0             0.0       
49         12         0.0             0.0       
13         14         0.0             0.0       
14         13         0.0             0.0       
13         50         0.0             0.0       
50         13         0.0             0.0       
14         15         0.0             0.0       
15         14         0.0             0.0       
14         51         0.0             0.0       
51         14         0.0             0.0       
15         16         0.0             0.0       
16         15         0.0             0.0       
15         52         0.0             0.0       
52         15         0.0             0.0       
16         17         0.0             0.0       
17         16         0.0             0.0       
16         53         0.0             0.0       
53         16         0.0             0.0       
17         18         0.0             0.0       
18         17         0.0             0.0       
17         54         0.0             0.0       
54         17         0.0             0.0       
18         19         0.0             0.0       
19         18         0.0             0.0       
18         55         0.0             0.0       
55         18         0.0             0.0       
19         20         0.0             0.0       
20         19         0.0             0.0       
19         56         0.0             0.0       
56         19         0.0             0.0       
20         21         0.0             0.0       
21         20         0.0             0.0       
20         57         0.0             0.0       
57         20         0.0             0.0       
21         22         0.0             0.0       
22         21         0.0             0.0       
21         58         0.0             0.0       
58         21         0.0             0.0       
22         23         0.0             0.0       
23         22         0.0             0.0       
22         59         0.0             0.0       
59         22         0.0             0.0       
23         24         0.0             0.0       
24         23         0.0             0.0       
23         60         0.0             0.0       
60         23         0.0             0.0       
24         25         0.0             0.0       
25         24         0.0             0.0       
24         61         0.0             0.0       
61         24         0.0             0.0       
25         26         0.0             0.0       
26         25         0.0             0.0       
25         62         0.0             0.0       
62         25         0.0             0.0       
26         27         0.0             0.0       
27         26         0.0             0.0       
26         63         0.0             0.0       
63         26         0.0             0.0       
27         28         0.0             0.0       
28         27         0.0             0.0       
27         64         0.0             0.0       
64         27         0.0             0.0       
28         29         0.0             0.0       
29         28         0.0             0.0       
28         65         0.0             0.0       
65         28         0.0             0.0       
29         30         0.0             0.0       
30         29         0.0             0.0       
29         66         0.0             0.0       
66         29         0.0             0.0       
30         31         0.0             0.0       
31         30         0.0             0.0       
30         67         0.0             0.0       
67         30         0.0             0.0       
31         32         0.0             0.0       
32         31         0.0             0.0       
31         68         0.0             0.0       
68         31         0.0             0.0       
32         33         0.0             0.0       
33         32         0.0             0.0       
32         69         0.0             0.0       
69         32         0.0             0.0       
33         34         0.0             0.0       
34         33         0.0             0.0       
33         70         0.0             0.0       
70         33         0.0             0.0       
34         35         0.0             0.0       
35         34         0.0             0.0       
34         71         0.0             0.0       
71         34         0.0             0.0       
35         36         0.0             0.0       
36         35         0.0             0.0       
35         72         0.0             0.0       
72         35         0.0             0.0       
36         73         0.0             0.0       
73         36         0.0             0.0       
37         38         0.0             0.0       
38         37         0.0             0.0       
37         74         0.0             0.0       
74         37         0.0             0.0       
38         39         0.0             0.0       
39         38         0.0             0.0       
38         75         0.0             0.0       
75         38         0.0             0.0       
39         40         0.0             0.0       
40         39         0.0             0.0       
39         76         0.0             0.0       
76         39         0.0             0.0       
40         41         0.0             0.0       
41         40         0.0             0.0       
40         77         0.0             0.0       
77         40         0.0             0.0       
41         42         0.0             0.0       
42         41         0.0             0.0       
41         78         0.0             0.0       
78         41         0.0             0.0       
42         43         0.0             0.0       
43         42         0.0             0.0       
42         79         0.0             0.0       
79         42         0.0             0.0       
43         44         0.0             0.0       
44         43         0.0             0.0       
43         80         0.0             0.0       
80         43         0.0             0.0       
44         45         0.0             0.0       
45         44         0.0             0.0       
44         81         0.0             0.0       
81         44         0.0             0.0       
45         46         0.0             0.0       
46         45         0.0             0.0       
45         82         0.0             0.0       
82         45         0.0             0.0       
46         47         0.0             0.0       
47         46         0.0             0.0       
46         83         0.0             0.0       
83         46         0.0             0.0       
47         48         0.0             0.0       
48         47         0.0             0.0       
47         84         0.0             0.0       
84         47         0.0             0.0       
48         49         0.0             0.0       
49         48         0.0             0.0       
48         85         0.0             0.0       
85         48         0.0             0.0       
49         50         0.0             0.0       
50         49         0.0             0.0       
49         86         0.0             0.0       
86         49         0.0             0.0       
50         51         0.0             0.0       
51         50         0.0             0.0       
50         87         0.0             0.0       
87         50         0.0             0.0       
51         52         0.0             0.0       
52         51         0.0             0.0       
51         88         0.0             0.0       
88         51         0.0             0.0       
52         53         0.0             0.0       
53         52         0.0             0.0       
52         89         0.0             0.0       
89         52         0.0             0.0       
53         54         0.0             0.0       
54         53         0.0             0.0       
53         90         0.0             0.0       
90         53         0.0             0.0       
54         55         0.0             0.0       
55         54         0.0             0.0       
54         91         0.0             0.0       
91         54         0.0             0.0       
55         56         0.0             0.0       
56         55         0.0             0.0       
55         92         0.0             0.0       
92         55         0.0             0.0       
56         57         0.0             0.0       
57         56         0.0             0.0       
56         93         0.0             0.0       
93         56         0.0             0.0       
57         58         0.0             0.0       
58         57         0.0             0.0       
57         94         0.0             0.0       
94         57         0.0             0.0       
58         59         0.0             0.0       
59         58         0.0             0.0       
58         95         0.0             0.0       
95         58         0.0             0.0       
59         60         0.0             0.0       
60         59         0.0             0.0       
59         96         0.0             0.0       
96         59         0.0             0.0       
60         61         0.0             0.0       
61         60         0.0             0.0       
60         97         0.0             0.0       
97         60         0.0             0.0       
61         62         0.0             0.0       
62         61         0.0             0.0       
61         98         0.0             0.0       
98         61         0.0             0.0       
62         63         0.0             0.0       
63         62         0.0             0.0       
62         99         0.0             0.0       
99         62         0.0             0.0       
63         64         0.0             0.0       
64         63         0.0             0.0       
63         100        0.0             0.0       
100        63         0.0             0.0       
64         65         0.0             0.0       
65         64         0.0             0.0       
64         101        0.0             0.0       
101        64         0.0             0.0       
65         66         0.0             0.0       
66         65         0.0             0.0       
65         102        0.0             0.0       
102        65         0.0             0.0       
66         67         0.0             0.0       
67         66         0.0             0.0       
66         103        0.0             0.0       
103        66         0.0             0.0       
67         68         0.0             0.0       
68         67         0.0             0.0       
67         104        0.0             0.0       
104        67         0.0             0.0       
68         69         0.0             0.0       
69         68         0.0             0.0       
68         105        0.0             0.0       
105        68         0.0             0.0       
69         70         0.0             0.0       
70         69         0.0             0.0       
69         106        0.0             0.0       
106        69         0.0             0.0       
70         71         0.0             0.0       
71         70         0.0             0.0       
70         107        0.0             0.0       
107        70         0.0             0.0       
71         72         0.0             0.0       
72         71         0.0             0.0       
71         108        0.0             0.0       
108        71         0.0             0.0       
72         73         0.0             0.0       
73         72         0.0             0.0       
72         109        0.0             0.0       
109        72         0.0             0.0       
73         110        0.0             0.0       
110        73         0.0             0.0       
74         75         0.0             0.0       
75         74         0.0             0.0       
74         111        0.0             0.0       
111        74         0.0             0.0       
75         76         0.0             0.0       
76         75         0.0             0.0       
75         112        0.0             0.0       
112        75         0.0             0.0       
76         77         0.0             0.0       
77         76         0.0             0.0       
76         113        0.0             0.0       
113        76         0.0             0.0       
77         78         0.0             0.0       
78         77         0.0             0.0       
77         114        0.0             0.0       
114        77         0.0             0.0       
78         79         0.0             0.0       
79         78         0.0             0.0       
78         115        0.0             0.0       
115        78         0.0             0.0       
79         80         0.0             0.0       
80         79         0.0             0.0       
79         116        0.0             0.0       
116        79         0.0             0.0       
80         81         0.0             0.0       
81         80         0.0             0.0       
80         117        0.0             0.0       
117        80         0.0             0.0       
81         82         0.0             0.0       
82         81         0.0             0.0       
81         118        0.0             0.0       
118        81         0.0             0.0       
82         83         0.0             0.0       
83         82         0.0             0.0       
82         119        0.0             0.0       
119        82         0.0             0.0       
83         84         0.0             0.0       
84         83         0.0             0.0       
83         120        0.0             0.0       
120        83         0.0             0.0       
84         85         0.0             0.0       
85         84         0.0             0.0       
84         121        0.0             0.0       
121        84         0.0             0.0       
85         86         0.0             0.0       
86         85         0.0             0.0       
85         122        0.0             0.0       
122        85         0.0             0.0       
86         87         0.0             0.0       
87         86         0.0             0.0       
86         123        0.0             0.0       
123        86         0.0             0.0       
87         88         0.0             0.0       
88         87         0.0             0.0       
87         124        0.0             0.0       
124        87         0.0             0.0       
88         89         0.0             0.0       
89         88         0.0             0.0       
88         125        0.0             0.0       
125        88         0.0             0.0       
89         90         0.0             0.0       
90         89         0.0             0.0       
89         126        0.0             0.0       
126        89         0.0             0.0       
90         91         0.0             0.0       
91         90         0.0             0.0       
90         127        0.0             0.0       
127        90         0.0             0.0       
91         92         0.0             0.0       
92         91         0.0             0.0       
91         128        0.0             0.0       
128        91         0.0             0.0       
92         93         0.0             0.0       
93         92         0.0             0.0       
92         129        0.0             0.0       
129        92         0.0             0.0       
93         94         0.0             0.0       
94         93         0.0             0.0       
93         130        0.0             0.0       
130        93         0.0             0.0       
94         95         0.0             0.0       
95         94         0.0             0.0       
94         131        0.0             0.0       
131        94         0.0             0.0       
95         96         0.0             0.0       
96         95         0.0             0.0       
95         132        0.0             0.0       
132        95         0.0             0.0       
96         97         0.0             0.0       
97         96         0.0             0.0       
96         133        0.0             0.0       
133        96         0.0             0.0       
97         98         0.0             0.0       
98         97         0.0             0.0       
97         134        0.0             0.0       
134        97         0.0             0.0       
98         99         0.0             0.0       
99         98         0.0             0.0       
98         135        0.0             0.0       
135        98         0.0             0.0       
99         100        0.0             0.0       
100        99         0.0             0.0       
99         136        0.0             0.0       
136        99         0.0             0.0       
100        101        0.0             0.0       
101        100        0.0             0.0       
100        137        0.0             0.0       
137        100        0.0             0.0       
101        102        0.0             0.0       
102        101        0.0             0.0       
101        138        0.0             0.0       
138        101        0.0             0.0       
102        103        0.0             0.0       
103        102        0.0             0.0       
102        139        0.0             0.0       
139        102        0.0             0.0       
103        104        0.0             0.0       
104        103        0.0             0.0       
103        140        0.0             0.0       
140        103        0.0             0.0       
104        105        0.0             0.0       
105        104        0.0             0.0       
104        141        0.0             0.0       
141        104        0.0             0.0       
105        106        0.0             0.0       
106        105        0.0             0.0       
105        142        0.0             0.0       
142        105        0.0             0.0       
106        107        0.0             0.0       
107        106        0.0             0.0       
106        143        0.0             0.0       
143        106        0.0             0.0       
107        108        0.0             0.0       
108        107        0.0             0.0       
107        144        0.0             0.0       
144        107        0.0             0.0       
108        109        0.0             0.0       
109        108        0.0             0.0       
108        145        0.0             0.0       
145        108        0.0             0.0       
109        110        0.0             0.0       
110        109        0.0             0.0       
109        146        0.0             0.0       
146        109        0.0             0.0       
110        147        0.0             0.0       
147        110        0.0             0.0       
111        112        0.0             0.0       
112        111        0.0             0.0       
111        148        0.0             0.0       
148        111        0.0             0.0       
112        113        0.0             0.0       
113        112        0.0             0.0       
112        149        0.0             0.0       
149        112        0.0             0.0       
113        114        0.0             0.0       
114        113        0.0             0.0       
113        150        0.0             0.0       
150        113        0.0             0.0       
114        115        0.0             0.0       
115        114        0.0             0.0       
114        151        0.0             0.0       
151        114        0.0             0.0       
115        116        0.0             0.0       
116        115        0.0             0.0       
115        152        0.0             0.0       
152        115        0.0             0.0       
116        117        0.0             0.0       
117        116        0.0             0.0       
116        153        0.0             0.0       
153        116        0.0             0.0       
117        118        0.0             0.0       
118        117        0.0             0.0       
117        154        0.0             0.0       
154        117        0.0             0.0       
118        119        0.0             0.0       
119        118        0.0             0.0       
118        155        0.0             0.0       
155        118        0.0             0.0       
119        120        0.0             0.0       
120        119        0.0             0.0       
119        156        0.0             0.0       
156        119        0.0             0.0       
120        121        0.0             0.0       
121        120        0.0             0.0       
120        157        0.0             0.0       
157        120        0.0             0.0       
121        122        0.0             0.0       
122        121        0.0             0.0       
121        158        0.0             0.0       
158        121        0.0             0.0       
122        123        0.0             0.0       
123        122        0.0             0.0       
122        159        0.0             0.0       
159        122        0.0             0.0       
123        124        0.0             0.0       
124        123        0.0             0.0       
123        160        0.0             0.0       
160        123        0.0             0.0       
124        125        0.0             0.0       
125        124        0.0             0.0       
124        161        0.0             0.0       
161        124        0.0             0.0       
125        126        0.0             0.0       
126        125        0.0             0.0       
125        162        0.0             0.0       
162        125        0.0             0.0       
126        127        0.0             0.0       
127        126        0.0             0.0       
126        163        0.0             0.0       
163        126        0.0             0.0       
127        128        0.0             0.0       
128        127        0.0             0.0       
127        164        0.0             0.0       
164        127        0.0             0.0       
128        129        0.0             0.0       
129        128        0.0             0.0       
128        165        0.0             0.0       
165        128        0.0             0.0       
129        130        0.0             0.0       
130        129        0.0             0.0       
129        166        0.0             0.0       
166        129        0.0             0.0       
130        131        0.0             0.0       
131        130        0.0             0.0       
130        167        0.0             0.0       
167        130        0.0             0.0       
131        132        0.0             0.0       
132        131        0.0             0.0       
131        168        0.0             0.0       
168        131        0.0             0.0       
132        133        0.0             0.0       
133        132        0.0             0.0       
132        169        0.0             0.0       
169        132        0.0             0.0       
133        134        0.0             0.0       
134        133        0.0             0.0       
133        170        0.0             0.0       
170        133        0.0             0.0       
134        135        0.0             0.0       
135        134        0.0             0.0       
134        171        0.0             0.0       
171        134        0.0             0.0       
135        136        0.0             0.0       
136        135        0.0             0.0       
135        172        0.0             0.0       
172        135        0.0             0.0       
136        137        0.0             0.0       
137        136        0.0             0.0       
136        173        0.0             0.0       
173        136        0.0             0.0       
137        138        0.0             0.0       
138        137        0.0             0.0       
137        174        0.0             0.0       
174        137        0.0             0.0       
138        139        0.0             0.0       
139        138        0.0             0.0       
138        175        0.0             0.0       
175        138        0.0             0.0       
139        140        0.0             0.0       
140        139        0.0             0.0       
139        176        0.0             0.0       
176        139        0.0             0.0       
140        141        0.0             0.0       
141        140        0.0             0.0       
140        177        0.0             0.0       
177        140        0.0             0.0       
141        142        0.0             0.0       
142        141        0.0             0.0       
141        178        0.0             0.0       
178        141        0.0             0.0       
142        143        0.0             0.0       
143        142        0.0             0.0       
142        179        0.0             0.0       
179        142        0.0             0.0       
143        144        0.0             0.0       
144        143        0.0             0.0       
143        180        0.0             0.0       
180        143        0.0             0.0       
144        145        0.0             0.0       
145        144        0.0             0.0       
144        181        0.0             0.0       
181        144        0.0             0.0       
145        146        0.0             0.0       
146        145        0.0             0.0       
145        182        0.0             0.0       
182        145        0.0             0.0       
146        147        0.0             0.0       
147        146        0.0             0.0       
146        183        0.0             0.0       
183        146        0.0             0.0       
147        184        0.0             0.0       
184        147        0.0             0.0       
148        149        0.0             0.0       
149        148        0.0             0.0       
148        185        0.0             0.0       
185        148        0.0             0.0       
149        150        0.0             0.0       
150        149        0.0             0.0       
149        186        0.0             0.0       
186        149        0.0             0.0       
150        151        0.0             0.0       
151        150        0.0             0.0       
150        187        0.0             0.0       
187        150        0.0             0.0       
151        152        0.0             0.0       
152        151        0.0             0.0       
151        188        0.0             0.0       
188        151        0.0             0.0       
152        153        0.0             0.0       
153        152        0.0             0.0       
152        189        0.0             0.0       
189        152        0.0             0.0       
153        154        0.0             0.0       
154        153        0.0             0.0       
153        190        0.0             0.0       
190        153        0.0             0.0       
154        155        0.0             0.0       
155        154        0.0             0.0       
154        191        0.0             0.0       
191        154        0.0             0.0       
155        156        0.0             0.0       
156        155        0.0             0.0       
155        192        0.0             0.0       
192        155        0.0             0.0       
156        157        0.0             0.0       
157        156        0.0             0.0       
156        193        0.0             0.0       
193        156        0.0             0.0       
157        158        0.0             0.0       
158        157        0.0             0.0       
157        194        0.0             0.0       
194        157        0.0             0.0       
158        159        0.0             0.0       
159        158        0.0             0.0       
158        195        0.0             0.0       
195        158        0.0             0.0       
159        160        0.0             0.0       
160        159        0.0             0.0       
159        196        0.0             0.0       
196        159        0.0             0.0       
160        161        0.0             0.0       
161        160        0.0             0.0       
160        197        0.0             0.0       
197        160        0.0             0.0       
161        162        0.0             0.0       
162        161        0.0             0.0       
161        198        0.0             0.0       
198        161        0.0             0.0       
162        163        0.0             0.0       
163        162        0.0             0.0       
162        199        0.0             0.0       
199        162        0.0             0.0       
163        164        0.0             0.0       
164        163        0.0             0.0       
163        200        0.0             0.0       
200        163        0.0             0.0       
164        165        0.0             0.0       
165        164        0.0             0.0       
164        201        0.0             0.0       
201        164        0.0             0.0       
165        166        0.0             0.0       
166        165        0.0             0.0       
165        202        0.0             0.0       
202        165        0.0             0.0       
166        167        0.0             0.0       
167        166        0.0             0.0       
166        203        0.0             0.0       
203        166        0.0             0.0       
167        168        0.0             0.0       
168        167        0.0             0.0       
167        204        0.0             0.0       
204        167        0.0             0.0       
168        169        0.0             0.0       
169        168        0.0             0.0       
168        205        0.0             0.0       
205        168        0.0             0.0       
169        170        0.0             0.0       
170        169        0.0             0.0       
169        206        0.0             0.0       
206        169        0.0             0.0       
170        171        0.0             0.0       
171        170        0.0             0.0       
170        207        0.0             0.0       
207        170        0.0             0.0       
171        172        0.0             0.0       
172        171        0.0             0.0       
171        208        0.0             0.0       
208        171        0.0             0.0       
172        173        0.0             0.0       
173        172        0.0             0.0       
172        209        0.0             0.0       
209        172        0.0             0.0       
173        174        0.0             0.0       
174        173        0.0             0.0       
173        210        0.0             0.0       
210        173        0.0             0.0       
174        175        0.0             0.0       
175        174        0.0             0.0       
174        211        0.0             0.0       
211        174        0.0             0.0       
175        176        0.0             0.0       
176        175        0.0             0.0       
175        212        0.0             0.0       
212        175        0.0             0.0       
176        177        0.0             0.0       
177        176        0.0             0.0       
176        213        0.0             0.0       
213        176        0.0             0.0       
177        178        0.0             0.0       
178        177        0.0             0.0       
177        214        0.0             0.0       
214        177        0.0             0.0       
178        179        0.0             0.0       
179        178        0.0             0.0       
178        215        0.0             0.0       
215        178        0.0             0.0       
179        180        0.0             0.0       
180        179        0.0             0.0       
179        216        0.0             0.0       
216        179        0.0             0.0       
180        181        0.0             0.0       
181        180        0.0             0.0       
180        217        0.0             0.0       
217        180        0.0             0.0       
181        182        0.0             0.0       
182        181        0.0             0.0       
181        218        0.0             0.0       
218        181        0.0             0.0       
182        183        0.0             0.0       
183        182        0.0             0.0       
182        219        0.0             0.0       
219        182        0.0             0.0       
183        184        0.0             0.0       
184        183        0.0             0.0       
183        220        0.0             0.0       
220        183        0.0             0.0       
184        221        0.0             0.0       
221        184        0.0             0.0       
185        186        0.0             0.0       
186        185        0.0             0.0       
185        222        0.0             0.0       
222        185        0.0             0.0       
186        187        0.0             0.0       
187        186        0.0             0.0       
186        223        0.0             0.0       
223        186        0.0             0.0       
187        188        0.0             0.0       
188        187        0.0             0.0       
187        224        0.0             0.0       
224        187        0.0             0.0       
188        189        0.0             0.0       
189        188        0.0             0.0       
188        225        0.0             0.0       
225        188        0.0             0.0       
189        190        0.0             0.0       
190        189        0.0             0.0       
189        226        0.0             0.0       
226        189        0.0             0.0       
190        191        0.0             0.0       
191        190        0.0             0.0       
190        227        0.0             0.0       
227        190        0.0             0.0       
191        192        0.0             0.0       
192        191        0.0             0.0       
191        228        0.0             0.0       
228        191        0.0             0.0       
192        193        0.0             0.0       
193        192        0.0             0.0       
192        229        0.0             0.0       
229        192        0.0             0.0       
193        194        0.0             0.0       
194        193        0.0             0.0       
193        230        0.0             0.0       
230        193        0.0             0.0       
194        195        0.0             0.0       
195        194        0.0             0.0       
194        231        0.0             0.0       
231        194        0.0             0.0       
195        196        0.0             0.0       
196        195        0.0             0.0       
195        232        0.0             0.0       
232        195        0.0             0.0       
196        197        0.0             0.0       
197        196        0.0             0.0       
196        233        0.0             0.0       
233        196        0.0             0.0       
197        198        0.0             0.0       
198        197        0.0             0.0       
197        234        0.0             0.0       
234        197        0.0             0.0       
198        199        0.0             0.0       
199        198        0.0             0.0       
198        235        0.0             0.0       
235        198        0.0             0.0       
199        200        0.0             0.0       
200        199        0.0             0.0       
199        236        0.0             0.0       
236        199        0.0             0.0       
200        201        0.0             0.0       
201        200        0.0             0.0       
200        237        0.0             0.0       
237        200        0.0             0.0       
201        202        0.0             0.0       
202        201        0.0             0.0       
201        238        0.0             0.0       
238        201        0.0             0.0       
202        203        0.0             0.0       
203        202        0.0             0.0       
202        239        0.0             0.0       
239        202        0.0             0.0       
203        204        0.0             0.0       
204        203        0.0             0.0       
203        240        0.0             0.0       
240        203        0.0             0.0       
204        205        0.0             0.0       
205        204        0.0             0.0       
204        241        0.0             0.0       
241        204        0.0             0.0       
205        206        0.0             0.0       
206        205        0.0             0.0       
205        242        0.0             0.0       
242        205        0.0             0.0       
206        207        0.0             0.0       
207        206        0.0             0.0       
206        243        0.0             0.0       
243        206        0.0             0.0       
207        208        0.0             0.0       
208        207        0.0             0.0       
207        244        0.0             0.0       
244        207        0.0             0.0       
208        209        0.0             0.0       
209        208        0.0             0.0       
208        245        0.0             0.0       
245        208        0.0             0.0       
209        210        0.0             0.0       
210        209        0.0             0.0       
209        246        0.0             0.0       
246        209        0.0             0.0       
210        211        0.0             0.0       
211        210        0.0             0.0       
210        247        0.0             0.0       
247        210        0.0             0.0       
211        212        0.0             0.0       
212        211        0.0             0.0       
211        248        0.0             0.0       
248        211        0.0             0.0       
212        213        0.0             0.0       
213        212        0.0             0.0       
212        249        0.0             0.0       
249        212        0.0             0.0       
213        214        0.0             0.0       
214        213        0.0             0.0       
213        250        0.0             0.0       
250        213        0.0             0.0       
214        215        0.0             0.0       
215        214        0.0             0.0       
214        251        0.0             0.0       
251        214        0.0             0.0       
215        216        0.0             0.0       
216        215        0.0             0.0       
215        252        0.0             0.0       
252        215        0.0             0.0       
216        217        0.0             0.0       
217        216        0.0             0.0       
216        253        0.0             0.0       
253        216        0.0             0.0       
217        218        0.0             0.0       
218        217        0.0             0.0       
217        254        0.0             0.0       
254        217        0.0             0.0       
218        219        0.0             0.0       
219        218        0.0             0.0       
218        255        0.0             0.0       
255        218        0.0             0.0       
219        220        0.0             0.0       
220        219        0.0             0.0       
219        256        0.0             0.0       
256        219        0.0             0.0       
220        221        0.0             0.0       
221        220        0.0             0.0       
220        257        0.0             0.0       
257        220        0.0             0.0       
221        258        0.0             0.0       
258        221        0.0             0.0       
222        223        0.0             0.0       
223        222        0.0             0.0       
222        259        0.0             0.0       
259        222        0.0             0.0       
223        224        0.0             0.0       
224        223        0.0             0.0       
223        260        0.0             0.0       
260        223        0.0             0.0       
224        225        0.0             0.0       
225        224        0.0             0.0       
224        261        0.0             0.0       
261        224        0.0             0.0       
225        226        0.0             0.0       
226        225        0.0             0.0       
225        262        0.0             0.0       
262        225        0.0             0.0       
226        227        0.0             0.0       
227        226        0.0             0.0       
226        263        0.0             0.0       
263        226        0.0             0.0       
227        228        0.0             0.0       
228        227        0.0             0.0       
227        264        0.0             0.0       
264        227        0.0             0.0       
228        229        0.0             0.0       
229        228        0.0             0.0       
228        265        0.0             0.0       
265        228        0.0             0.0       
229        230        0.0             0.0       
230        229        0.0             0.0       
229        266        0.0             0.0       
266        229        0.0             0.0       
230        231        0.0             0.0       
231        230        0.0             0.0       
230        267        0.0             0.0       
267        230        0.0             0.0       
231        232        0.0             0.0       
232        231        0.0             0.0       
231        268        0.0             0.0       
268        231        0.0             0.0       
232        233        0.0             0.0       
233        232        0.0             0.0       
232        269        0.0             0.0       
269        232        0.0             0.0       
233        234        0.0             0.0       
234        233        0.0             0.0       
233        270        0.0             0.0       
270        233        0.0             0.0       
234        235        0.0             0.0       
235        234        0.0             0.0       
234        271        0.0             0.0       
271        234        0.0             0.0       
235        236        0.0             0.0       
236        235        0.0             0.0       
235        272        0.0             0.0       
272        235        0.0             0.0       
236        237        0.0             0.0       
237        236        0.0             0.0       
236        273        0.0             0.0       
273        236        0.0             0.0       
237        238        0.0             0.0       
238        237        0.0             0.0       
237        274        0.0             0.0       
274        237        0.0             0.0       
238        239        0.0             0.0       
239        238        0.0             0.0       
238        275        0.0             0.0       
275        238        0.0             0.0       
239        240        0.0             0.0       
240        239        0.0             0.0       
239        276        0.0             0.0       
276        239        0.0             0.0       
240        241        0.0             0.0       
241        240        0.0             0.0       
240        277        0.0             0.0       
277        240        0.0             0.0       
241        242        0.0             0.0       
242        241        0.0             0.0       
241        278        0.0             0.0       
278        241        0.0             0.0       
242        243        0.0             0.0       
243        242        0.0             0.0       
242        279        0.0             0.0       
279        242        0.0             0.0       
243        244        0.0             0.0       
244        243        0.0             0.0       
243        280        0.0             0.0       
280        243        0.0             0.0       
244        245        0.0             0.0       
245        244        0.0             0.0       
244        281        0.0             0.0       
281        244        0.0             0.0       
245        246        0.0             0.0       
246        245        0.0             0.0       
245        282        0.0             0.0       
282        245        0.0             0.0       
246        247        0.0             0.0       
247        246        0.0             0.0       
246        283        0.0             0.0       
283        246        0.0             0.0       
247        248        0.0             0.0       
248        247        0.0             0.0       
247        284        0.0             0.0       
284        247        0.0             0.0       
248        249        0.0             0.0       
249        248        0.0             0.0       
248        285        0.0             0.0       
285        248        0.0             0.0       
249        250        0.0             0.0       
250        249        0.0             0.0       
249        286        0.0             0.0       
286        249        0.0             0.0       
250        251        0.0             0.0       
251        250        0.0             0.0       
250        287        0.0             0.0       
287        250        0.0             0.0       
251        252        0.0             0.0       
252        251        0.0             0.0       
251        288        0.0             0.0       
288        251        0.0             0.0       
252        253        0.0             0.0       
253        252        0.0             0.0       
252        289        0.0             0.0       
289        252        0.0             0.0       
253        254        0.0             0.0       
254        253        0.0             0.0       
253        290        0.0             0.0       
290        253        0.0             0.0       
254        255        0.0             0.0       
255        254        0.0             0.0       
254        291        0.0             0.0       
291        254        0.0             0.0       
255        256        0.0             0.0       
256        255        0.0             0.0       
255        292        0.0             0.0       
292        255        0.0             0.0       
256        257        0.0             0.0       
257        256        0.0             0.0       
256        293        0.0             0.0       
293        256        0.0             0.0       
257        258        0.0             0.0       
258        257        0.0             0.0       
257        294        0.0             0.0       
294        257        0.0             0.0       
258        295        0.0             0.0       
295        258        0.0             0.0       
259        260        0.0             0.0       
260        259        0.0             0.0       
259        296        0.0             0.0       
296        259        0.0             0.0       
260        261        0.0             0.0       
261        260        0.0             0.0       
260        297        0.0             0.0       
297        260        0.0             0.0       
261        262        0.0             0.0       
262        261        0.0             0.0       
261        298        0.0             0.0       
298        261        0.0             0.0       
262        263        0.0             0.0       
263        262        0.0             0.0       
262        299        0.0             0.0       
299        262        0.0             0.0       
263        264        0.0             0.0       
264        263        0.0             0.0       
263        300        0.0             0.0       
300        263        0.0             0.0       
264        265        0.0             0.0       
265        264        0.0             0.0       
264        301        0.0             0.0       
301        264        0.0             0.0       
265        266        0.0             0.0       
266        265        0.0             0.0       
265        302        0.0             0.0       
302        265        0.0             0.0       
266        267        0.0             0.0       
267        266        0.0             0.0       
266        303        0.0             0.0       
303        266        0.0             0.0       
267        268        0.0             0.0       
268        267        0.0             0.0       
267        304        0.0             0.0       
304        267        0.0             0.0       
268        269        0.0             0.0       
269        268        0.0             0.0       
268        305        0.0             0.0       
305        268        0.0             0.0       
269        270        0.0             0.0       
270        269        0.0             0.0       
269        306        0.0             0.0       
306        269        0.0             0.0       
270        271        0.0             0.0       
271        270        0.0             0.0       
270        307        0.0             0.0       
307        270        0.0             0.0       
271        272        0.0             0.0       
272        271        0.0             0.0       
271        308        0.0             0.0       
308        271        0.0             0.0       
272        273        0.0             0.0       
273        272        0.0             0.0       
272        309        0.0             0.0       
309        272        0.0             0.0       
273        274        0.0             0.0       
274        273        0.0             0.0       
273        310        0.0             0.0       
310        273        0.0             0.0       
274        275        0.0             0.0       
275        274        0.0             0.0       
274        311        0.0             0.0       
311        274        0.0             0.0       
275        276        0.0             0.0       
276        275        0.0             0.0       
275        312        0.0             0.0       
312        275        0.0             0.0       
276        277        0.0             0.0       
277        276        0.0             0.0       
276        313        0.0             0.0       
313        276        0.0             0.0       
277        278        0.0             0.0       
278        277        0.0             0.0       
277        314        0.0             0.0       
314        277        0.0             0.0       
278        279        0.0             0.0       
279        278        0.0             0.0       
278        315        0.0             0.0       
315        278        0.0             0.0       
279        280        0.0             0.0       
280        279        0.0             0.0       
279        316        0.0             0.0       
316        279        0.0             0.0       
280        281        0.0             0.0       
281        280        0.0             0.0       
280        317        0.0             0.0       
317        280        0.0             0.0       
281        282        0.0             0.0       
282        281        0.0             0.0       
281        318        0.0             0.0       
318        281        0.0             0.0       
282        283        0.0             0.0       
283        282        0.0             0.0       
282        319        0.0             0.0       
319        282        0.0             0.0       
283        284        0.0             0.0       
284        283        0.0             0.0       
283        320        0.0             0.0       
320        283        0.0             0.0       
284        285        0.0             0.0       
285        284        0.0             0.0       
284        321        0.0             0.0       
321        284        0.0             0.0       
285        286        0.0             0.0       
286        285        0.0             0.0       
285        322        0.0             0.0       
322        285        0.0             0.0       
286        287        0.0             0.0       
287        286        0.0             0.0       
286        323        0.0             0.0       
323        286        0.0             0.0       
287        288        0.0             0.0       
288        287        0.0             0.0       
287        324        0.0             0.0       
324        287        0.0             0.0       
288        289        0.0             0.0       
289        288        0.0             0.0       
288        325        0.0             0.0       
325        288        0.0             0.0       
289        290        0.0             0.0       
290        289        0.0             0.0       
289        326        0.0             0.0       
326        289        0.0             0.0       
290        291        0.0             0.0       
291        290        0.0             0.0       
290        327        0.0             0.0       
327        290        0.0             0.0       
291        292        0.0             0.0       
292        291        0.0             0.0       
291        328        0.0             0.0       
328        291        0.0             0.0       
292        293        0.0             0.0       
293        292        0.0             0.0       
292        329        0.0             0.0       
329        292        0.0             0.0       
293        294        0.0             0.0       
294        293        0.0             0.0       
293        330        0.0             0.0       
330        293        0.0             0.0       
294        295        0.0             0.0       
295        294        0.0             0.0       
294        331        0.0             0.0       
331        294        0.0             0.0       
295        332        0.0             0.0       
332        295        0.0             0.0       
296        297        0.0             0.0       
297        296        0.0             0.0       
296        333        0.0             0.0       
333        296        0.0             0.0       
297        298        0.0             0.0       
298        297        0.0             0.0       
297        334        0.0             0.0       
334        297        0.0             0.0       
298        299        0.0             0.0       
299        298        0.0             0.0       
298        335        0.0             0.0       
335        298        0.0             0.0       
299        300        0.0             0.0       
300        299        0.0             0.0       
299        336        0.0             0.0       
336        299        0.0             0.0       
300        301        0.0             0.0       
301        300        0.0             0.0       
300        337        0.0             0.0       
337        300        0.0             0.0       
301        302        0.0             0.0       
302        301        0.0             0.0       
301        338        0.0             0.0       
338        301        0.0             0.0       
302        303        0.0             0.0       
303        302        0.0             0.0       
302        339        0.0             0.0       
339        302        0.0             0.0       
303        304        0.0             0.0       
304        303        0.0             0.0       
303        340        0.0             0.0       
340        303        0.0             0.0       
304        305        0.0             0.0       
305        304        0.0             0.0       
304        341        0.0             0.0       
341        304        0.0             0.0       
305        306        0.0             0.0       
306        305        0.0             0.0       
305        342        0.0             0.0       
342        305        0.0             0.0       
306        307        0.0             0.0       
307        306        0.0             0.0       
306        343        0.0             0.0       
343        306        0.0             0.0       
307        308        0.0             0.0       
308        307        0.0             0.0       
307        344        0.0             0.0       
344        307        0.0             0.0       
308        309        0.0             0.0       
309        308        0.0             0.0       
308        345        0.0             0.0       
345        308        0.0             0.0       
309        310        0.0             0.0       
310        309        0.0             0.0       
309        346        0.0             0.0       
346        309        0.0             0.0       
310        311        0.0             0.0       
311        310        0.0             0.0       
310        347        0.0             0.0       
347        310        0.0             0.0       
311        312        0.0             0.0       
312        311        0.0             0.0       
311        348        0.0             0.0       
348        311        0.0             0.0       
312        313        0.0             0.0       
313        312        0.0             0.0       
312        349        0.0             0.0       
349        312        0.0             0.0       
313        314        0.0             0.0       
314        313        0.0             0.0       
313        350        0.0             0.0       
350        313        0.0             0.0       
314        315        0.0             0.0       
315        314        0.0             0.0       
314        351        0.0             0.0       
351        314        0.0             0.0       
315        316        0.0             0.0       
316        315        0.0             0.0       
315        352        0.0             0.0       
352        315        0.0             0.0       
316        317        0.0             0.0       
317        316        0.0             0.0       
316        353        0.0             0.0       
353        316        0.0             0.0       
317        318        0.0             0.0       
318        317        0.0             0.0       
317        354        0.0             0.0       
354        317        0.0             0.0       
318        319        0.0             0.0       
319        318        0.0             0.0       
318        355        0.0             0.0       
355        318        0.0             0.0       
319        320        0.0             0.0       
320        319        0.0             0.0       
319        356        0.0             0.0       
356        319        0.0             0.0       
320        321        0.0             0.0       
321        320        0.0             0.0       
320        357        0.0             0.0       
357        320        0.0             0.0       
321        322        0.0             0.0       
322        321        0.0             0.0       
321        358        0.0             0.0       
358        321        0.0             0.0       
322        323        0.0             0.0       
323        322        0.0             0.0       
322        359        0.0             0.0       
359        322        0.0             0.0       
323        324        0.0             0.0       
324        323        0.0             0.0       
323        360        0.0             0.0       
360        323        0.0             0.0       
324        325        0.0             0.0       
325        324        0.0             0.0       
324        361        0.0             0.0       
361        324        0.0             0.0       
325        326        0.0             0.0       
326        325        0.0             0.0       
325        362        0.0             0.0       
362        325        0.0             0.0       
326        327        0.0             0.0       
327        326        0.0             0.0       
326        363        0.0             0.0       
363        326        0.0             0.0       
327        328        0.0             0.0       
328        327        0.0             0.0       
327        364        0.0             0.0       
364        327        0.0             0.0       
328        329        0.0             0.0       
329        328        0.0             0.0       
328        365        0.0             0.0       
365        328        0.0             0.0       
329        330        0.0             0.0       
330        329        0.0             0.0       
329        366        0.0             0.0       
366        329        0.0             0.0       
330        331        0.0             0.0       
331        330        0.0             0.0       
330        367        0.0             0.0       
367        330        0.0             0.0       
331        332        0.0             0.0       
332        331        0.0             0.0       
331        368        0.0             0.0       
368        331        0.0             0.0       
332        369        0.0             0.0       
369        332        0.0             0.0       
333        334        0.0             0.0       
334        333        0.0             0.0       
333        370        0.0             0.0       
370        333        0.0             0.0       
334        335        0.0             0.0       
335        334        0.0             0.0       
334        371        0.0             0.0       
371        334        0.0             0.0       
335        336        0.0             0.0       
336        335        0.0             0.0       
335        372        0.0             0.0       
372        335        0.0             0.0       
336        337        0.0             0.0       
337        336        0.0             0.0       
336        373        0.0             0.0       
373        336        0.0             0.0       
337        338        0.0             0.0       
338        337        0.0             0.0       
337        374        0.0             0.0       
374        337        0.0             0.0       
338        339        0.0             0.0       
339        338        0.0             0.0       
338        375        0.0             0.0       
375        338        0.0             0.0       
339        340        0.0             0.0       
340        339        0.0             0.0       
339        376        0.0             0.0       
376        339        0.0             0.0       
340        341        0.0             0.0       
341        340        0.0             0.0       
340        377        0.0             0.0       
377        340        0.0             0.0       
341        342        0.0             0.0       
342        341        0.0             0.0       
341        378        0.0             0.0       
378        341        0.0             0.0       
342        343        0.0             0.0       
343        342        0.0             0.0       
342        379        0.0             0.0       
379        342        0.0             0.0       
343        344        0.0             0.0       
344        343        0.0             0.0       
343        380        0.0             0.0       
380        343        0.0             0.0       
344        345        0.0             0.0       
345        344        0.0             0.0       
344        381        0.0             0.0       
381        344        0.0             0.0       
345        346        0.0             0.0       
346        345        0.0             0.0       
345        382        0.0             0.0       
382        345        0.0             0.0       
346        347        0.0             0.0       
347        346        0.0             0.0       
346        383        0.0             0.0       
383        346        0.0             0.0       
347        348        0.0             0.0       
348        347        0.0             0.0       
347        384        0.0             0.0       
384        347        0.0             0.0       
348        349        0.0             0.0       
349        348        0.0             0.0       
348        385        0.0             0.0       
385        348        0.0             0.0       
349        350        0.0             0.0       
350        349        0.0             0.0       
349        386        0.0             0.0       
386        349        0.0             0.0       
350        351        0.0             0.0       
351        350        0.0             0.0       
350        387        0.0             0.0       
387        350        0.0             0.0       
351        352        0.0             0.0       
352        351        0.0             0.0       
351        388        0.0             0.0       
388        351        0.0             0.0       
352        353        0.0             0.0       
353        352        0.0             0.0       
352        389        0.0             0.0       
389        352        0.0             0.0       
353        354        0.0             0.0       
354        353        0.0             0.0       
353        390        0.0             0.0       
390        353        0.0             0.0       
354        355        0.0             0.0       
355        354        0.0             0.0       
354        391        0.0             0.0       
391        354        0.0             0.0       
355        356        0.0             0.0       
356        355        0.0             0.0       
355        392        0.0             0.0       
392        355        0.0             0.0       
356        357        0.0             0.0       
357        356        0.0             0.0       
356        393        0.0             0.0       
393        356        0.0             0.0       
357        358        0.0             0.0       
358        357        0.0             0.0       
357        394        0.0             0.0       
394        357        0.0             0.0       
358        359        0.0             0.0       
359        358        0.0             0.0       
358        395        0.0             0.0       
395        358        0.0             0.0       
359        360        0.0             0.0       
360        359        0.0             0.0       
359        396        0.0             0.0       
396        359        0.0             0.0       
360        361        0.0             0.0       
361        360        0.0             0.0       
360        397        0.0             0.0       
397        360        0.0             0.0       
361        362        0.0             0.0       
362        361        0.0             0.0       
361        398        0.0             0.0       
398        361        0.0             0.0       
362        363        0.0             0.0       
363        362        0.0             0.0       
362        399        0.0             0.0       
399        362        0.0             0.0       
363        364        0.0             0.0       
364        363        0.0             0.0       
363        400        0.0             0.0       
400        363        0.0             0.0       
364        365        0.0             0.0       
365        364        0.0             0.0       
364        401        0.0             0.0       
401        364        0.0             0.0       
365        366        0.0             0.0       
366        365        0.0             0.0       
365        402        0.0             0.0       
402        365        0.0             0.0       
366        367        0.0             0.0       
367        366        0.0             0.0       
366        403        0.0             0.0       
403        366        0.0             0.0       
367        368        0.0             0.0       
368        367        0.0             0.0       
367        404        0.0             0.0       
404        367        0.0             0.0       
368        369        0.0             0.0       
369        368        0.0             0.0       
368        405        0.0             0.0       
405        368        0.0             0.0       
369        406        0.0             0.0       
406        369        0.0             0.0       
370        371        0.0             0.0       
371        370        0.0             0.0       
371        372        0.0             0.0       
372        371        0.0             0.0       
372        373        0.0             0.0       
373        372        0.0             0.0       
373        374        0.0             0.0       
374        373        0.0             0.0       
374        375        0.0             0.0       
375        374        0.0             0.0       
375        376        0.0             0.0       
376        375        0.0             0.0       
376        377        0.0             0.0       
377        376        0.0             0.0       
377        378        0.0             0.0       
378        377        0.0             0.0       
378        379        0.0             0.0       
379        378        0.0             0.0       
379        380        0.0             0.0       
380        379        0.0             0.0       
380        381        0.0             0.0       
381        380        0.0             0.0       
381        382        0.0             0.0       
382        381        0.0             0.0       
382        383        0.0             0.0       
383        382        0.0             0.0       
383        384        0.0             0.0       
384        383        0.0             0.0       
384        385        0.0             0.0       
385        384        0.0             0.0       
385        386        0.0             0.0       
386        385        0.0             0.0       
386        387        0.0             0.0       
387        386        0.0             0.0       
387        388        0.0             0.0       
388        387        0.0             0.0       
388        389        0.0             0.0       
389        388        0.0             0.0       
389        390        0.0             0.0       
390        389        0.0             0.0       
390        391        0.0             0.0       
391        390        0.0             0.0       
391        392        0.0             0.0       
392        391        0.0             0.0       
392        393        0.0             0.0       
393        392        0.0             0.0       
393        394        0.0             0.0       
394        393        0.0             0.0       
394        395        0.0             0.0       
395        394        0.0             0.0       
395        396        0.0             0.0       
396        395        0.0             0.0       
396        397        0.0             0.0       
397        396        0.0             0.0       
397        398        0.0             0.0       
398        397        0.0             0.0       
398        399        0.0             0.0       
399        398        0.0             0.0       
399        400        0.0             0.0       
400        399        0.0             0.0       
400        401        0.0             0.0       
401        400        0.0             0.0       
401        402        0.0             0.0       
402        401        0.0             0.0       
402        403        0.0             0.0       
403        402        0.0             0.0       
403        404        0.0             0.0       
404        403        0.0             0.0       
404        405        0.0             0.0       
405        404        0.0             0.0       
405        406        0.0             0.0       
406        405        0.0             0.0       
