From       To         Volume          Cost      
0          1          0.0             0.0       
1          0          0.0             0.0       
0          85         0.0             0.0       
85         0          0.0             0.0       
1          2          0.0             0.0       
2          1          0.0             0.0       
1          86         0.0             0.0       
86         1          0.0             0.0       
2          3          0.0             0.0       
3          2          0.0             0.0       
2          87         0.0             0.0       
87         2          0.0             0.0       
3          4          0.0             0.0       
4          3          0.0             0.0       
3          88         0.0             0.0       
88         3          0.0             0.0       
4          5          0.0             0.0       
5          4          0.0             0.0       
4          89         0.0             0.0       
89         4          0.0             0.0       
5          6          0.0             0.0       
6          5          0.0             0.0       
5          90         0.0             0.0       
90         5          0.0             0.0       
6          7          0.0             0.0       
7          6          0.0             0.0       
6          91         0.0             0.0       
91         6          0.0             0.0       
7          8          0.0             0.0       
8          7          0.0             0.0       
7          92         0.0             0.0       
92         7          0.0             0.0       
8          9          0.0             0.0       
9          8          0.0             0.0       
8          93         0.0             0.0       
93         8          0.0             0.0       
9          10         0.0             0.0       
10         9          0.0             0.0       
9          94         0.0             0.0       
94         9          0.0             0.0       
10         11         0.0             0.0       
11         10         0.0             0.0       
10         95         0.0             0.0       
95         10         0.0             0.0       
11         12         0.0             0.0       
12         11         0.0             0.0       
11         96         0.0             0.0       
96         11         0.0             0.0       
12         13         0.0             0.0       
13         12         0.0             0.0       
12         97         0.0             0.0       
97         12         0.0             0.0       
13         14         0.0             0.0       
14         13         0.0             0.0       
13         98         0.0             0.0       
98         13         0.0             0.0       
14         15         0.0             0.0       
15         14         0.0             0.0       
14         99         0.0             0.0       
99         14         0.0             0.0       
15         16         0.0             0.0       
16         15         0.0             0.0       
15         100        0.0             0.0       
100        15         0.0             0.0       
16         17         0.0             0.0       
17         16         0.0             0.0       
16         101        0.0             0.0       
101        16         0.0             0.0       
17         18         0.0             0.0       
18         17         0.0             0.0       
17         102        0.0             0.0       
102        17         0.0             0.0       
18         19         0.0             0.0       
19         18         0.0             0.0       
18         103        0.0             0.0       
103        18         0.0             0.0       
19         20         0.0             0.0       
20         19         0.0             0.0       
19         104        0.0             0.0       
104        19         0.0             0.0       
20         21         0.0             0.0       
21         20         0.0             0.0       
20         105        0.0             0.0       
105        20         0.0             0.0       
21         22         0.0             0.0       
22         21         0.0             0.0       
21         106        0.0             0.0       
106        21         0.0             0.0       
22         23         0.0             0.0       
23         22         0.0             0.0       
22         107        0.0             0.0       
107        22         0.0             0.0       
23         24         0.0             0.0       
24         23         0.0             0.0       
23         108        0.0             0.0       
108        23         0.0             0.0       
24         25         0.0             0.0       
25         24         0.0             0.0       
24         109        0.0             0.0       
109        24         0.0             0.0       
25         26         0.0             0.0       
26         25         0.0             0.0       
25         110        0.0             0.0       
110        25         0.0             0.0       
26         27         0.0             0.0       
27         26         0.0             0.0       
26         111        0.0             0.0       
111        26         0.0             0.0       
27         28         0.0             0.0       
28         27         0.0             0.0       
27         112        0.0             0.0       
112        27         0.0             0.0       
28         29         0.0             0.0       
29         28         0.0             0.0       
28         113        0.0             0.0       
113        28         0.0             0.0       
29         30         0.0             0.0       
30         29         0.0             0.0       
29         114        0.0             0.0       
114        29         0.0             0.0       
30         31         0.0             0.0       
31         30         0.0             0.0       
30         115        0.0             0.0       
115        30         0.0             0.0       
31         32         0.0             0.0       
32         31         0.0             0.0       
31         116        0.0             0.0       
116        31         0.0             0.0       
32         33         0.0             0.0       
33         32         0.0             0.0       
32         117        0.0             0.0       
117        32         0.0             0.0       
33         34         0.0             0.0       
34         33         0.0             0.0       
33         118        0.0             0.0       
118        33         0.0             0.0       
34         35         0.0             0.0       
35         34         0.0             0.0       
34         119        0.0             0.0       
119        34         0.0             0.0       
35         36         0.0             0.0       
36         35         0.0             0.0       
35         120        0.0             0.0       
120        35         0.0             0.0       
36         37         0.0             0.0       
37         36         0.0             0.0       
36         121        0.0             0.0       
121        36         0.0             0.0       
37         38         0.0             0.0       
38         37         0.0             0.0       
37         122        0.0             0.0       
122        37         0.0             0.0       
38         39         0.0             0.0       
39         38         0.0             0.0       
38         123        0.0             0.0       
123        38         0.0             0.0       
39         40         0.0             0.0       
40         39         0.0             0.0       
39         124        0.0             0.0       
124        39         0.0             0.0       
40         41         0.0             0.0       
41         40         0.0             0.0       
40         125        0.0             0.0       
125        40         0.0             0.0       
41         42         0.0             0.0       
42         41         0.0             0.0       
41         126        0.0             0.0       
126        41         0.0             0.0       
42         43         0.0             0.0       
43         42         0.0             0.0       
42         127        0.0             0.0       
127        42         0.0             0.0       
43         44         0.0             0.0       
44         43         0.0             0.0       
43         128        0.0             0.0       
128        43         0.0             0.0       
44         45         0.0             0.0       
45         44         0.0             0.0       
44         129        0.0             0.0       
129        44         0.0             0.0       
45         46         0.0             0.0       
46         45         0.0             0.0       
45         130        0.0             0.0       
130        45         0.0             0.0       
46         47         0.0             0.0       
47         46         0.0             0.0       
46         131        0.0             0.0       
131        46         0.0             0.0       
47         48         0.0             0.0       
48         47         0.0             0.0       
47         132        0.0             0.0       
132        47         0.0             0.0       
48         49         0.0             0.0       
49         48         0.0             0.0       
48         133        0.0             0.0       
133        48         0.0             0.0       
49         50         0.0             0.0       
50         49         0.0             0.0       
49         134        0.0             0.0       
134        49         0.0             0.0       
50         51         0.0             0.0       
51         50         0.0             0.0       
50         135        0.0             0.0       
135        50         0.0             0.0       
51         52         0.0             0.0       
52         51         0.0             0.0       
51         136        0.0             0.0       
136        51         0.0             0.0       
52         53         0.0             0.0       
53         52         0.0             0.0       
52         137        0.0             0.0       
137        52         0.0             0.0       
53         54         0.0             0.0       
54         53         0.0             0.0       
53         138        0.0             0.0       
138        53         0.0             0.0       
54         55         0.0             0.0       
55         54         0.0             0.0       
54         139        0.0             0.0       
139        54         0.0             0.0       
55         56         0.0             0.0       
56         55         0.0             0.0       
55         140        0.0             0.0       
140        55         0.0             0.0       
56         57         0.0             0.0       
57         56         0.0             0.0       
56         141        0.0             0.0       
141        56         0.0             0.0       
57         58         0.0             0.0       
58         57         0.0             0.0       
57         142        0.0             0.0       
142        57         0.0             0.0       
58         59         0.0             0.0       
59         58         0.0             0.0       
58         143        0.0             0.0       
143        58         0.0             0.0       
59         60         0.0             0.0       
60         59         0.0             0.0       
59         144        0.0             0.0       
144        59         0.0             0.0       
60         61         0.0             0.0       
61         60         0.0             0.0       
60         145        0.0             0.0       
145        60         0.0             0.0       
61         62         0.0             0.0       
62         61         0.0             0.0       
61         146        0.0             0.0       
146        61         0.0             0.0       
62         63         0.0             0.0       
63         62         0.0             0.0       
62         147        0.0             0.0       
147        62         0.0             0.0       
63         64         0.0             0.0       
64         63         0.0             0.0       
63         148        0.0             0.0       
148        63         0.0             0.0       
64         65         0.0             0.0       
65         64         0.0             0.0       
64         149        0.0             0.0       
149        64         0.0             0.0       
65         66         0.0             0.0       
66         65         0.0             0.0       
65         150        0.0             0.0       
150        65         0.0             0.0       
66         67         0.0             0.0       
67         66         0.0             0.0       
66         151        0.0             0.0       
151        66         0.0             0.0       
67         68         0.0             0.0       
68         67         0.0             0.0       
67         152        0.0             0.0       
152        67         0.0             0.0       
68         69         0.0             0.0       
69         68         0.0             0.0       
68         153        0.0             0.0       
153        68         0.0             0.0       
69         70         0.0             0.0       
70         69         0.0             0.0       
69         154        0.0             0.0       
154        69         0.0             0.0       
70         71         0.0             0.0       
71         70         0.0             0.0       
70         155        0.0             0.0       
155        70         0.0             0.0       
71         72         0.0             0.0       
72         71         0.0             0.0       
71         156        0.0             0.0       
156        71         0.0             0.0       
72         73         0.0             0.0       
73         72         0.0             0.0       
72         157        0.0             0.0       
157        72         0.0             0.0       
73         74         0.0             0.0       
74         73         0.0             0.0       
73         158        0.0             0.0       
158        73         0.0             0.0       
74         75         0.0             0.0       
75         74         0.0             0.0       
74         159        0.0             0.0       
159        74         0.0             0.0       
75         76         0.0             0.0       
76         75         0.0             0.0       
75         160        0.0             0.0       
160        75         0.0             0.0       
76         77         0.0             0.0       
77         76         0.0             0.0       
76         161        0.0             0.0       
161        76         0.0             0.0       
77         78         0.0             0.0       
78         77         0.0             0.0       
77         162        0.0             0.0       
162        77         0.0             0.0       
78         79         0.0             0.0       
79         78         0.0             0.0       
78         163        0.0             0.0       
163        78         0.0             0.0       
79         80         0.0             0.0       
80         79         0.0             0.0       
79         164        0.0             0.0       
164        79         0.0             0.0       
80         81         0.0             0.0       
81         80         0.0             0.0       
80         165        0.0             0.0       
165        80         0.0             0.0       
81         82         0.0             0.0       
82         81         0.0             0.0       
81         166        0.0             0.0       
166        81         0.0             0.0       
82         83         0.0             0.0       
83         82         0.0             0.0       
82         167        0.0             0.0       
167        82         0.0             0.0       
83         84         0.0             0.0       
84         83         0.0             0.0       
83         168        0.0             0.0       
168        83         0.0             0.0       
84         169        0.0             0.0       
169        84         0.0             0.0       
85         86         0.0             0.0       
86         85         0.0             0.0       
85         170        0.0             0.0       
170        85         0.0             0.0       
86         87         0.0             0.0       
87         86         0.0             0.0       
86         171        0.0             0.0       
171        86         0.0             0.0       
87         88         0.0             0.0       
88         87         0.0             0.0       
87         172        0.0             0.0       
172        87         0.0             0.0       
88         89         0.0             0.0       
89         88         0.0             0.0       
88         173        0.0             0.0       
173        88         0.0             0.0       
89         90         0.0             0.0       
90         89         0.0             0.0       
89         174        0.0             0.0       
174        89         0.0             0.0       
90         91         0.0             0.0       
91         90         0.0             0.0       
90         175        0.0             0.0       
175        90         0.0             0.0       
91         92         0.0             0.0       
92         91         0.0             0.0       
91         176        0.0             0.0       
176        91         0.0             0.0       
92         93         0.0             0.0       
93         92         0.0             0.0       
92         177        0.0             0.0       
177        92         0.0             0.0       
93         94         0.0             0.0       
94         93         0.0             0.0       
93         178        0.0             0.0       
178        93         0.0             0.0       
94         95         0.0             0.0       
95         94         0.0             0.0       
94         179        0.0             0.0       
179        94         0.0             0.0       
95         96         0.0             0.0       
96         95         0.0             0.0       
95         180        0.0             0.0       
180        95         0.0             0.0       
96         97         0.0             0.0       
97         96         0.0             0.0       
96         181        0.0             0.0       
181        96         0.0             0.0       
97         98         0.0             0.0       
98         97         0.0             0.0       
97         182        0.0             0.0       
182        97         0.0             0.0       
98         99         0.0             0.0       
99         98         0.0             0.0       
98         183        0.0             0.0       
183        98         0.0             0.0       
99         100        0.0             0.0       
100        99         0.0             0.0       
99         184        0.0             0.0       
184        99         0.0             0.0       
100        101        0.0             0.0       
101        100        0.0             0.0       
100        185        0.0             0.0       
185        100        0.0             0.0       
101        102        0.0             0.0       
102        101        0.0             0.0       
101        186        0.0             0.0       
186        101        0.0             0.0       
102        103        0.0             0.0       
103        102        0.0             0.0       
102        187        0.0             0.0       
187        102        0.0             0.0       
103        104        0.0             0.0       
104        103        0.0             0.0       
103        188        0.0             0.0       
188        103        0.0             0.0       
104        105        0.0             0.0       
105        104        0.0             0.0       
104        189        0.0             0.0       
189        104        0.0             0.0       
105        106        0.0             0.0       
106        105        0.0             0.0       
105        190        0.0             0.0       
190        105        0.0             0.0       
106        107        0.0             0.0       
107        106        0.0             0.0       
106        191        0.0             0.0       
191        106        0.0             0.0       
107        108        0.0             0.0       
108        107        0.0             0.0       
107        192        0.0             0.0       
192        107        0.0             0.0       
108        109        0.0             0.0       
109        108        0.0             0.0       
108        193        0.0             0.0       
193        108        0.0             0.0       
109        110        0.0             0.0       
110        109        0.0             0.0       
109        194        0.0             0.0       
194        109        0.0             0.0       
110        111        0.0             0.0       
111        110        0.0             0.0       
110        195        0.0             0.0       
195        110        0.0             0.0       
111        112        0.0             0.0       
112        111        0.0             0.0       
111        196        0.0             0.0       
196        111        0.0             0.0       
112        113        0.0             0.0       
113        112        0.0             0.0       
112        197        0.0             0.0       
197        112        0.0             0.0       
113        114        0.0             0.0       
114        113        0.0             0.0       
113        198        0.0             0.0       
198        113        0.0             0.0       
114        115        0.0             0.0       
115        114        0.0             0.0       
114        199        0.0             0.0       
199        114        0.0             0.0       
115        116        0.0             0.0       
116        115        0.0             0.0       
115        200        0.0             0.0       
200        115        0.0             0.0       
116        117        0.0             0.0       
117        116        0.0             0.0       
116        201        0.0             0.0       
201        116        0.0             0.0       
117        118        0.0             0.0       
118        117        0.0             0.0       
117        202        0.0             0.0       
202        117        0.0             0.0       
118        119        0.0             0.0       
119        118        0.0             0.0       
118        203        0.0             0.0       
203        118        0.0             0.0       
119        120        0.0             0.0       
120        119        0.0             0.0       
119        204        0.0             0.0       
204        119        0.0             0.0       
120        121        0.0             0.0       
121        120        0.0             0.0       
120        205        0.0             0.0       
205        120        0.0             0.0       
121        122        0.0             0.0       
122        121        0.0             0.0       
121        206        0.0             0.0       
206        121        0.0             0.0       
122        123        0.0             0.0       
123        122        0.0             0.0       
122        207        0.0             0.0       
207        122        0.0             0.0       
123        124        0.0             0.0       
124        123        0.0             0.0       
123        208        0.0             0.0       
208        123        0.0             0.0       
124        125        0.0             0.0       
125        124        0.0             0.0       
124        209        0.0             0.0       
209        124        0.0             0.0       
125        126        0.0             0.0       
126        125        0.0             0.0       
125        210        0.0             0.0       
210        125        0.0             0.0       
126        127        0.0             0.0       
127        126        0.0             0.0       
126        211        0.0             0.0       
211        126        0.0             0.0       
127        128        0.0             0.0       
128        127        0.0             0.0       
127        212        0.0             0.0       
212        127        0.0             0.0       
128        129        0.0             0.0       
129        128        0.0             0.0       
128        213        0.0             0.0       
213        128        0.0             0.0       
129        130        0.0             0.0       
130        129        0.0             0.0       
129        214        0.0             0.0       
214        129        0.0             0.0       
130        131        0.0             0.0       
131        130        0.0             0.0       
130        215        0.0             0.0       
215        130        0.0             0.0       
131        132        0.0             0.0       
132        131        0.0             0.0       
131        216        0.0             0.0       
216        131        0.0             0.0       
132        133        0.0             0.0       
133        132        0.0             0.0       
132        217        0.0             0.0       
217        132        0.0             0.0       
133        134        0.0             0.0       
134        133        0.0             0.0       
133        218        0.0             0.0       
218        133        0.0             0.0       
134        135        0.0             0.0       
135        134        0.0             0.0       
134        219        0.0             0.0       
219        134        0.0             0.0       
135        136        0.0             0.0       
136        135        0.0             0.0       
135        220        0.0             0.0       
220        135        0.0             0.0       
136        137        0.0             0.0       
137        136        0.0             0.0       
136        221        0.0             0.0       
221        136        0.0             0.0       
137        138        0.0             0.0       
138        137        0.0             0.0       
137        222        0.0             0.0       
222        137        0.0             0.0       
138        139        0.0             0.0       
139        138        0.0             0.0       
138        223        0.0             0.0       
223        138        0.0             0.0       
139        140        0.0             0.0       
140        139        0.0             0.0       
139        224        0.0             0.0       
224        139        0.0             0.0       
140        141        0.0             0.0       
141        140        0.0             0.0       
140        225        0.0             0.0       
225        140        0.0             0.0       
141        142        0.0             0.0       
142        141        0.0             0.0       
141        226        0.0             0.0       
226        141        0.0             0.0       
142        143        0.0             0.0       
143        142        0.0             0.0       
142        227        0.0             0.0       
227        142        0.0             0.0       
143        144        0.0             0.0       
144        143        0.0             0.0       
143        228        0.0             0.0       
228        143        0.0             0.0       
144        145        0.0             0.0       
145        144        0.0             0.0       
144        229        0.0             0.0       
229        144        0.0             0.0       
145        146        0.0             0.0       
146        145        0.0             0.0       
145        230        0.0             0.0       
230        145        0.0             0.0       
146        147        0.0             0.0       
147        146        0.0             0.0       
146        231        0.0             0.0       
231        146        0.0             0.0       
147        148        0.0             0.0       
148        147        0.0             0.0       
147        232        0.0             0.0       
232        147        0.0             0.0       
148        149        0.0             0.0       
149        148        0.0             0.0       
148        233        0.0             0.0       
233        148        0.0             0.0       
149        150        0.0             0.0       
150        149        0.0             0.0       
149        234        0.0             0.0       
234        149        0.0             0.0       
150        151        0.0             0.0       
151        150        0.0             0.0       
150        235        0.0             0.0       
235        150        0.0             0.0       
151        152        0.0             0.0       
152        151        0.0             0.0       
151        236        0.0             0.0       
236        151        0.0             0.0       
152        153        0.0             0.0       
153        152        0.0             0.0       
152        237        0.0             0.0       
237        152        0.0             0.0       
153        154        0.0             0.0       
154        153        0.0             0.0       
153        238        0.0             0.0       
238        153        0.0             0.0       
154        155        0.0             0.0       
155        154        0.0             0.0       
154        239        0.0             0.0       
239        154        0.0             0.0       
155        156        0.0             0.0       
156        155        0.0             0.0       
155        240        0.0             0.0       
240        155        0.0             0.0       
156        157        0.0             0.0       
157        156        0.0             0.0       
156        241        0.0             0.0       
241        156        0.0             0.0       
157        158        0.0             0.0       
158        157        0.0             0.0       
157        242        0.0             0.0       
242        157        0.0             0.0       
158        159        0.0             0.0       
159        158        0.0             0.0       
158        243        0.0             0.0       
243        158        0.0             0.0       
159        160        0.0             0.0       
160        159        0.0             0.0       
159        244        0.0             0.0       
244        159        0.0             0.0       
160        161        0.0             0.0       
161        160        0.0             0.0       
160        245        0.0             0.0       
245        160        0.0             0.0       
161        162        0.0             0.0       
162        161        0.0             0.0       
161        246        0.0             0.0       
246        161        0.0             0.0       
162        163        0.0             0.0       
163        162        0.0             0.0       
162        247        0.0             0.0       
247        162        0.0             0.0       
163        164        0.0             0.0       
164        163        0.0             0.0       
163        248        0.0             0.0       
248        163        0.0             0.0       
164        165        0.0             0.0       
165        164        0.0             0.0       
164        249        0.0             0.0       
249        164        0.0             0.0       
165        166        0.0             0.0       
166        165        0.0             0.0       
165        250        0.0             0.0       
250        165        0.0             0.0       
166        167        0.0             0.0       
167        166        0.0             0.0       
166        251        0.0             0.0       
251        166        0.0             0.0       
167        168        0.0             0.0       
168        167        0.0             0.0       
167        252        0.0             0.0       
252        167        0.0             0.0       
168        169        0.0             0.0       
169        168        0.0             0.0       
168        253        0.0             0.0       
253        168        0.0             0.0       
169        254        0.0             0.0       
254        169        0.0             0.0       
170        171        0.0             0.0       
171        170        0.0             0.0       
170        255        0.0             0.0       
255        170        0.0             0.0       
171        172        0.0             0.0       
172        171        0.0             0.0       
171        256        0.0             0.0       
256        171        0.0             0.0       
172        173        0.0             0.0       
173        172        0.0             0.0       
172        257        0.0             0.0       
257        172        0.0             0.0       
173        174        0.0             0.0       
174        173        0.0             0.0       
173        258        0.0             0.0       
258        173        0.0             0.0       
174        175        0.0             0.0       
175        174        0.0             0.0       
174        259        0.0             0.0       
259        174        0.0             0.0       
175        176        0.0             0.0       
176        175        0.0             0.0       
175        260        0.0             0.0       
260        175        0.0             0.0       
176        177        0.0             0.0       
177        176        0.0             0.0       
176        261        0.0             0.0       
261        176        0.0             0.0       
177        178        0.0             0.0       
178        177        0.0             0.0       
177        262        0.0             0.0       
262        177        0.0             0.0       
178        179        0.0             0.0       
179        178        0.0             0.0       
178        263        0.0             0.0       
263        178        0.0             0.0       
179        180        0.0             0.0       
180        179        0.0             0.0       
179        264        0.0             0.0       
264        179        0.0             0.0       
180        181        0.0             0.0       
181        180        0.0             0.0       
180        265        0.0             0.0       
265        180        0.0             0.0       
181        182        0.0             0.0       
182        181        0.0             0.0       
181        266        0.0             0.0       
266        181        0.0             0.0       
182        183        0.0             0.0       
183        182        0.0             0.0       
182        267        0.0             0.0       
267        182        0.0             0.0       
183        184        0.0             0.0       
184        183        0.0             0.0       
183        268        0.0             0.0       
268        183        0.0             0.0       
184        185        0.0             0.0       
185        184        0.0             0.0       
184        269        0.0             0.0       
269        184        0.0             0.0       
185        186        0.0             0.0       
186        185        0.0             0.0       
185        270        0.0             0.0       
270        185        0.0             0.0       
186        187        0.0             0.0       
187        186        0.0             0.0       
186        271        0.0             0.0       
271        186        0.0             0.0       
187        188        0.0             0.0       
188        187        0.0             0.0       
187        272        0.0             0.0       
272        187        0.0             0.0       
188        189        0.0             0.0       
189        188        0.0             0.0       
188        273        0.0             0.0       
273        188        0.0             0.0       
189        190        0.0             0.0       
190        189        0.0             0.0       
189        274        0.0             0.0       
274        189        0.0             0.0       
190        191        0.0             0.0       
191        190        0.0             0.0       
190        275        0.0             0.0       
275        190        0.0             0.0       
191        192        0.0             0.0       
192        191        0.0             0.0       
191        276        0.0             0.0       
276        191        0.0             0.0       
192        193        0.0             0.0       
193        192        0.0             0.0       
192        277        0.0             0.0       
277        192        0.0             0.0       
193        194        0.0             0.0       
194        193        0.0             0.0       
193        278        0.0             0.0       
278        193        0.0             0.0       
194        195        0.0             0.0       
195        194        0.0             0.0       
194        279        0.0             0.0       
279        194        0.0             0.0       
195        196        0.0             0.0       
196        195        0.0             0.0       
195        280        0.0             0.0       
280        195        0.0             0.0       
196        197        0.0             0.0       
197        196        0.0             0.0       
196        281        0.0             0.0       
281        196        0.0             0.0       
197        198        0.0             0.0       
198        197        0.0             0.0       
197        282        0.0             0.0       
282        197        0.0             0.0       
198        199        0.0             0.0       
199        198        0.0             0.0       
198        283        0.0             0.0       
283        198        0.0             0.0       
199        200        0.0             0.0       
200        199        0.0             0.0       
199        284        0.0             0.0       
284        199        0.0             0.0       
200        201        0.0             0.0       
201        200        0.0             0.0       
200        285        0.0             0.0       
285        200        0.0             0.0       
201        202        0.0             0.0       
202        201        0.0             0.0       
201        286        0.0             0.0       
286        201        0.0             0.0       
202        203        0.0             0.0       
203        202        0.0             0.0       
202        287        0.0             0.0       
287        202        0.0             0.0       
203        204        0.0             0.0       
204        203        0.0             0.0       
203        288        0.0             0.0       
288        203        0.0             0.0       
204        205        0.0             0.0       
205        204        0.0             0.0       
204        289        0.0             0.0       
289        204        0.0             0.0       
205        206        0.0             0.0       
206        205        0.0             0.0       
205        290        0.0             0.0       
290        205        0.0             0.0       
206        207        0.0             0.0       
207        206        0.0             0.0       
206        291        0.0             0.0       
291        206        0.0             0.0       
207        208        0.0             0.0       
208        207        0.0             0.0       
207        292        0.0             0.0       
292        207        0.0             0.0       
208        209        0.0             0.0       
209        208        0.0             0.0       
208        293        0.0             0.0       
293        208        0.0             0.0       
209        210        0.0             0.0       
210        209        0.0             0.0       
209        294        0.0             0.0       
294        209        0.0             0.0       
210        211        0.0             0.0       
211        210        0.0             0.0       
210        295        0.0             0.0       
295        210        0.0             0.0       
211        212        0.0             0.0       
212        211        0.0             0.0       
211        296        0.0             0.0       
296        211        0.0             0.0       
212        213        0.0             0.0       
213        212        0.0             0.0       
212        297        0.0             0.0       
297        212        0.0             0.0       
213        214        0.0             0.0       
214        213        0.0             0.0       
213        298        0.0             0.0       
298        213        0.0             0.0       
214        215        0.0             0.0       
215        214        0.0             0.0       
214        299        0.0             0.0       
299        214        0.0             0.0       
215        216        0.0             0.0       
216        215        0.0             0.0       
215        300        0.0             0.0       
300        215        0.0             0.0       
216        217        0.0             0.0       
217        216        0.0             0.0       
216        301        0.0             0.0       
301        216        0.0             0.0       
217        218        0.0             0.0       
218        217        0.0             0.0       
217        302        0.0             0.0       
302        217        0.0             0.0       
218        219        0.0             0.0       
219        218        0.0             0.0       
218        303        0.0             0.0       
303        218        0.0             0.0       
219        220        0.0             0.0       
220        219        0.0             0.0       
219        304        0.0             0.0       
304        219        0.0             0.0       
220        221        0.0             0.0       
221        220        0.0             0.0       
220        305        0.0             0.0       
305        220        0.0             0.0       
221        222        0.0             0.0       
222        221        0.0             0.0       
221        306        0.0             0.0       
306        221        0.0             0.0       
222        223        0.0             0.0       
223        222        0.0             0.0       
222        307        0.0             0.0       
307        222        0.0             0.0       
223        224        0.0             0.0       
224        223        0.0             0.0       
223        308        0.0             0.0       
308        223        0.0             0.0       
224        225        0.0             0.0       
225        224        0.0             0.0       
224        309        0.0             0.0       
309        224        0.0             0.0       
225        226        0.0             0.0       
226        225        0.0             0.0       
225        310        0.0             0.0       
310        225        0.0             0.0       
226        227        0.0             0.0       
227        226        0.0             0.0       
226        311        0.0             0.0       
311        226        0.0             0.0       
227        228        0.0             0.0       
228        227        0.0             0.0       
227        312        0.0             0.0       
312        227        0.0             0.0       
228        229        0.0             0.0       
229        228        0.0             0.0       
228        313        0.0             0.0       
313        228        0.0             0.0       
229        230        0.0             0.0       
230        229        0.0             0.0       
229        314        0.0             0.0       
314        229        0.0             0.0       
230        231        0.0             0.0       
231        230        0.0             0.0       
230        315        0.0             0.0       
315        230        0.0             0.0       
231        232        0.0             0.0       
232        231        0.0             0.0       
231        316        0.0             0.0       
316        231        0.0             0.0       
232        233        0.0             0.0       
233        232        0.0             0.0       
232        317        0.0             0.0       
317        232        0.0             0.0       
233        234        0.0             0.0       
234        233        0.0             0.0       
233        318        0.0             0.0       
318        233        0.0             0.0       
234        235        0.0             0.0       
235        234        0.0             0.0       
234        319        0.0             0.0       
319        234        0.0             0.0       
235        236        0.0             0.0       
236        235        0.0             0.0       
235        320        0.0             0.0       
320        235        0.0             0.0       
236        237        0.0             0.0       
237        236        0.0             0.0       
236        321        0.0             0.0       
321        236        0.0             0.0       
237        238        0.0             0.0       
238        237        0.0             0.0       
237        322        0.0             0.0       
322        237        0.0             0.0       
238        239        0.0             0.0       
239        238        0.0             0.0       
238        323        0.0             0.0       
323        238        0.0             0.0       
239        240        0.0             0.0       
240        239        0.0             0.0       
239        324        0.0             0.0       
324        239        0.0             0.0       
240        241        0.0             0.0       
241        240        0.0             0.0       
240        325        0.0             0.0       
325        240        0.0             0.0       
241        242        0.0             0.0       
242        241        0.0             0.0       
241        326        0.0             0.0       
326        241        0.0             0.0       
242        243        0.0             0.0       
243        242        0.0             0.0       
242        327        0.0             0.0       
327        242        0.0             0.0       
243        244        0.0             0.0       
244        243        0.0             0.0       
243        328        0.0             0.0       
328        243        0.0             0.0       
244        245        0.0             0.0       
245        244        0.0             0.0       
244        329        0.0             0.0       
329        244        0.0             0.0       
245        246        0.0             0.0       
246        245        0.0             0.0       
245        330        0.0             0.0       
330        245        0.0             0.0       
246        247        0.0             0.0       
247        246        0.0             0.0       
246        331        0.0             0.0       
331        246        0.0             0.0       
247        248        0.0             0.0       
248        247        0.0             0.0       
247        332        0.0             0.0       
332        247        0.0             0.0       
248        249        0.0             0.0       
249        248        0.0             0.0       
248        333        0.0             0.0       
333        248        0.0             0.0       
249        250        0.0             0.0       
250        249        0.0             0.0       
249        334        0.0             0.0       
334        249        0.0             0.0       
250        251        0.0             0.0       
251        250        0.0             0.0       
250        335        0.0             0.0       
335        250        0.0             0.0       
251        252        0.0             0.0       
252        251        0.0             0.0       
251        336        0.0             0.0       
336        251        0.0             0.0       
252        253        0.0             0.0       
253        252        0.0             0.0       
252        337        0.0             0.0       
337        252        0.0             0.0       
253        254        0.0             0.0       
254        253        0.0             0.0       
253        338        0.0             0.0       
338        253        0.0             0.0       
254        339        0.0             0.0       
339        254        0.0             0.0       
255        256        0.0             0.0       
256        255        0.0             0.0       
255        340        0.0             0.0       
340        255        0.0             0.0       
256        257        0.0             0.0       
257        256        0.0             0.0       
256        341        0.0             0.0       
341        256        0.0             0.0       
257        258        0.0             0.0       
258        257        0.0             0.0       
257        342        0.0             0.0       
342        257        0.0             0.0       
258        259        0.0             0.0       
259        258        0.0             0.0       
258        343        0.0             0.0       
343        258        0.0             0.0       
259        260        0.0             0.0       
260        259        0.0             0.0       
259        344        0.0             0.0       
344        259        0.0             0.0       
260        261        0.0             0.0       
261        260        0.0             0.0       
260        345        0.0             0.0       
345        260        0.0             0.0       
261        262        0.0             0.0       
262        261        0.0             0.0       
261        346        0.0             0.0       
346        261        0.0             0.0       
262        263        0.0             0.0       
263        262        0.0             0.0       
262        347        0.0             0.0       
347        262        0.0             0.0       
263        264        0.0             0.0       
264        263        0.0             0.0       
263        348        0.0             0.0       
348        263        0.0             0.0       
264        265        0.0             0.0       
265        264        0.0             0.0       
264        349        0.0             0.0       
349        264        0.0             0.0       
265        266        0.0             0.0       
266        265        0.0             0.0       
265        350        0.0             0.0       
350        265        0.0             0.0       
266        267        0.0             0.0       
267        266        0.0             0.0       
266        351        0.0             0.0       
351        266        0.0             0.0       
267        268        0.0             0.0       
268        267        0.0             0.0       
267        352        0.0             0.0       
352        267        0.0             0.0       
268        269        0.0             0.0       
269        268        0.0             0.0       
268        353        0.0             0.0       
353        268        0.0             0.0       
269        270        0.0             0.0       
270        269        0.0             0.0       
269        354        0.0             0.0       
354        269        0.0             0.0       
270        271        0.0             0.0       
271        270        0.0             0.0       
270        355        0.0             0.0       
355        270        0.0             0.0       
271        272        0.0             0.0       
272        271        0.0             0.0       
271        356        0.0             0.0       
356        271        0.0             0.0       
272        273        0.0             0.0       
273        272        0.0             0.0       
272        357        0.0             0.0       
357        272        0.0             0.0       
273        274        0.0             0.0       
274        273        0.0             0.0       
273        358        0.0             0.0       
358        273        0.0             0.0       
274        275        0.0             0.0       
275        274        0.0             0.0       
274        359        0.0             0.0       
359        274        0.0             0.0       
275        276        0.0             0.0       
276        275        0.0             0.0       
275        360        0.0             0.0       
360        275        0.0             0.0       
276        277        0.0             0.0       
277        276        0.0             0.0       
276        361        0.0             0.0       
361        276        0.0             0.0       
277        278        0.0             0.0       
278        277        0.0             0.0       
277        362        0.0             0.0       
362        277        0.0             0.0       
278        279        0.0             0.0       
279        278        0.0             0.0       
278        363        0.0             0.0       
363        278        0.0             0.0       
279        280        0.0             0.0       
280        279        0.0             0.0       
279        364        0.0             0.0       
364        279        0.0             0.0       
280        281        0.0             0.0       
281        280        0.0             0.0       
280        365        0.0             0.0       
365        280        0.0             0.0       
281        282        0.0             0.0       
282        281        0.0             0.0       
281        366        0.0             0.0       
366        281        0.0             0.0       
282        283        0.0             0.0       
283        282        0.0             0.0       
282        367        0.0             0.0       
367        282        0.0             0.0       
283        284        0.0             0.0       
284        283        0.0             0.0       
283        368        0.0             0.0       
368        283        0.0             0.0       
284        285        0.0             0.0       
285        284        0.0             0.0       
284        369        0.0             0.0       
369        284        0.0             0.0       
285        286        0.0             0.0       
286        285        0.0             0.0       
285        370        0.0             0.0       
370        285        0.0             0.0       
286        287        0.0             0.0       
287        286        0.0             0.0       
286        371        0.0             0.0       
371        286        0.0             0.0       
287        288        0.0             0.0       
288        287        0.0             0.0       
287        372        0.0             0.0       
372        287        0.0             0.0       
288        289        0.0             0.0       
289        288        0.0             0.0       
288        373        0.0             0.0       
373        288        0.0             0.0       
289        290        0.0             0.0       
290        289        0.0             0.0       
289        374        0.0             0.0       
374        289        0.0             0.0       
290        291        0.0             0.0       
291        290        0.0             0.0       
290        375        0.0             0.0       
375        290        0.0             0.0       
291        292        0.0             0.0       
292        291        0.0             0.0       
291        376        0.0             0.0       
376        291        0.0             0.0       
292        293        0.0             0.0       
293        292        0.0             0.0       
292        377        0.0             0.0       
377        292        0.0             0.0       
293        294        0.0             0.0       
294        293        0.0             0.0       
293        378        0.0             0.0       
378        293        0.0             0.0       
294        295        0.0             0.0       
295        294        0.0             0.0       
294        379        0.0             0.0       
379        294        0.0             0.0       
295        296        0.0             0.0       
296        295        0.0             0.0       
295        380        0.0             0.0       
380        295        0.0             0.0       
296        297        0.0             0.0       
297        296        0.0             0.0       
296        381        0.0             0.0       
381        296        0.0             0.0       
297        298        0.0             0.0       
298        297        0.0             0.0       
297        382        0.0             0.0       
382        297        0.0             0.0       
298        299        0.0             0.0       
299        298        0.0             0.0       
298        383        0.0             0.0       
383        298        0.0             0.0       
299        300        0.0             0.0       
300        299        0.0             0.0       
299        384        0.0             0.0       
384        299        0.0             0.0       
300        301        0.0             0.0       
301        300        0.0             0.0       
300        385        0.0             0.0       
385        300        0.0             0.0       
301        302        0.0             0.0       
302        301        0.0             0.0       
301        386        0.0             0.0       
386        301        0.0             0.0       
302        303        0.0             0.0       
303        302        0.0             0.0       
302        387        0.0             0.0       
387        302        0.0             0.0       
303        304        0.0             0.0       
304        303        0.0             0.0       
303        388        0.0             0.0       
388        303        0.0             0.0       
304        305        0.0             0.0       
305        304        0.0             0.0       
304        389        0.0             0.0       
389        304        0.0             0.0       
305        306        0.0             0.0       
306        305        0.0             0.0       
305        390        0.0             0.0       
390        305        0.0             0.0       
306        307        0.0             0.0       
307        306        0.0             0.0       
306        391        0.0             0.0       
391        306        0.0             0.0       
307        308        0.0             0.0       
308        307        0.0             0.0       
307        392        0.0             0.0       
392        307        0.0             0.0       
308        309        0.0             0.0       
309        308        0.0             0.0       
308        393        0.0             0.0       
393        308        0.0             0.0       
309        310        0.0             0.0       
310        309        0.0             0.0       
309        394        0.0             0.0       
394        309        0.0             0.0       
310        311        0.0             0.0       
311        310        0.0             0.0       
310        395        0.0             0.0       
395        310        0.0             0.0       
311        312        0.0             0.0       
312        311        0.0             0.0       
311        396        0.0             0.0       
396        311        0.0             0.0       
312        313        0.0             0.0       
313        312        0.0             0.0       
312        397        0.0             0.0       
397        312        0.0             0.0       
313        314        0.0             0.0       
314        313        0.0             0.0       
313        398        0.0             0.0       
398        313        0.0             0.0       
314        315        0.0             0.0       
315        314        0.0             0.0       
314        399        0.0             0.0       
399        314        0.0             0.0       
315        316        0.0             0.0       
316        315        0.0             0.0       
315        400        0.0             0.0       
400        315        0.0             0.0       
316        317        0.0             0.0       
317        316        0.0             0.0       
316        401        0.0             0.0       
401        316        0.0             0.0       
317        318        0.0             0.0       
318        317        0.0             0.0       
317        402        0.0             0.0       
402        317        0.0             0.0       
318        319        0.0             0.0       
319        318        0.0             0.0       
318        403        0.0             0.0       
403        318        0.0             0.0       
319        320        0.0             0.0       
320        319        0.0             0.0       
319        404        0.0             0.0       
404        319        0.0             0.0       
320        321        0.0             0.0       
321        320        0.0             0.0       
320        405        0.0             0.0       
405        320        0.0             0.0       
321        322        0.0             0.0       
322        321        0.0             0.0       
321        406        0.0             0.0       
406        321        0.0             0.0       
322        323        0.0             0.0       
323        322        0.0             0.0       
322        407        0.0             0.0       
407        322        0.0             0.0       
323        324        0.0             0.0       
324        323        0.0             0.0       
323        408        0.0             0.0       
408        323        0.0             0.0       
324        325        0.0             0.0       
325        324        0.0             0.0       
324        409        0.0             0.0       
409        324        0.0             0.0       
325        326        0.0             0.0       
326        325        0.0             0.0       
325        410        0.0             0.0       
410        325        0.0             0.0       
326        327        0.0             0.0       
327        326        0.0             0.0       
326        411        0.0             0.0       
411        326        0.0             0.0       
327        328        0.0             0.0       
328        327        0.0             0.0       
327        412        0.0             0.0       
412        327        0.0             0.0       
328        329        0.0             0.0       
329        328        0.0             0.0       
328        413        0.0             0.0       
413        328        0.0             0.0       
329        330        0.0             0.0       
330        329        0.0             0.0       
329        414        0.0             0.0       
414        329        0.0             0.0       
330        331        0.0             0.0       
331        330        0.0             0.0       
330        415        0.0             0.0       
415        330        0.0             0.0       
331        332        0.0             0.0       
332        331        0.0             0.0       
331        416        0.0             0.0       
416        331        0.0             0.0       
332        333        0.0             0.0       
333        332        0.0             0.0       
332        417        0.0             0.0       
417        332        0.0             0.0       
333        334        0.0             0.0       
334        333        0.0             0.0       
333        418        0.0             0.0       
418        333        0.0             0.0       
334        335        0.0             0.0       
335        334        0.0             0.0       
334        419        0.0             0.0       
419        334        0.0             0.0       
335        336        0.0             0.0       
336        335        0.0             0.0       
335        420        0.0             0.0       
420        335        0.0             0.0       
336        337        0.0             0.0       
337        336        0.0             0.0       
336        421        0.0             0.0       
421        336        0.0             0.0       
337        338        0.0             0.0       
338        337        0.0             0.0       
337        422        0.0             0.0       
422        337        0.0             0.0       
338        339        0.0             0.0       
339        338        0.0             0.0       
338        423        0.0             0.0       
423        338        0.0             0.0       
339        424        0.0             0.0       
424        339        0.0             0.0       
340        341        0.0             0.0       
341        340        0.0             0.0       
341        342        0.0             0.0       
342        341        0.0             0.0       
342        343        0.0             0.0       
343        342        0.0             0.0       
343        344        0.0             0.0       
344        343        0.0             0.0       
344        345        0.0             0.0       
345        344        0.0             0.0       
345        346        0.0             0.0       
346        345        0.0             0.0       
346        347        0.0             0.0       
347        346        0.0             0.0       
347        348        0.0             0.0       
348        347        0.0             0.0       
348        349        0.0             0.0       
349        348        0.0             0.0       
349        350        0.0             0.0       
350        349        0.0             0.0       
350        351        0.0             0.0       
351        350        0.0             0.0       
351        352        0.0             0.0       
352        351        0.0             0.0       
352        353        0.0             0.0       
353        352        0.0             0.0       
353        354        0.0             0.0       
354        353        0.0             0.0       
354        355        0.0             0.0       
355        354        0.0             0.0       
355        356        0.0             0.0       
356        355        0.0             0.0       
356        357        0.0             0.0       
357        356        0.0             0.0       
357        358        0.0             0.0       
358        357        0.0             0.0       
358        359        0.0             0.0       
359        358        0.0             0.0       
359        360        0.0             0.0       
360        359        0.0             0.0       
360        361        0.0             0.0       
361        360        0.0             0.0       
361        362        0.0             0.0       
362        361        0.0             0.0       
362        363        0.0             0.0       
363        362        0.0             0.0       
363        364        0.0             0.0       
364        363        0.0             0.0       
364        365        0.0             0.0       
365        364        0.0             0.0       
365        366        0.0             0.0       
366        365        0.0             0.0       
366        367        0.0             0.0       
367        366        0.0             0.0       
367        368        0.0             0.0       
368        367        0.0             0.0       
368        369        0.0             0.0       
369        368        0.0             0.0       
369        370        0.0             0.0       
370        369        0.0             0.0       
370        371        0.0             0.0       
371        370        0.0             0.0       
371        372        0.0             0.0       
372        371        0.0             0.0       
372        373        0.0             0.0       
373        372        0.0             0.0       
373        374        0.0             0.0       
374        373        0.0             0.0       
374        375        0.0             0.0       
375        374        0.0             0.0       
375        376        0.0             0.0       
376        375        0.0             0.0       
376        377        0.0             0.0       
377        376        0.0             0.0       
377        378        0.0             0.0       
378        377        0.0             0.0       
378        379        0.0             0.0       
379        378        0.0             0.0       
379        380        0.0             0.0       
380        379        0.0             0.0       
380        381        0.0             0.0       
381        380        0.0             0.0       
381        382        0.0             0.0       
382        381        0.0             0.0       
382        383        0.0             0.0       
383        382        0.0             0.0       
383        384        0.0             0.0       
384        383        0.0             0.0       
384        385        0.0             0.0       
385        384        0.0             0.0       
385        386        0.0             0.0       
386        385        0.0             0.0       
386        387        0.0             0.0       
387        386        0.0             0.0       
387        388        0.0             0.0       
388        387        0.0             0.0       
388        389        0.0             0.0       
389        388        0.0             0.0       
389        390        0.0             0.0       
390        389        0.0             0.0       
390        391        0.0             0.0       
391        390        0.0             0.0       
391        392        0.0             0.0       
392        391        0.0             0.0       
392        393        0.0             0.0       
393        392        0.0             0.0       
393        394        0.0             0.0       
394        393        0.0             0.0       
394        395        0.0             0.0       
395        394        0.0             0.0       
395        396        0.0             0.0       
396        395        0.0             0.0       
396        397        0.0             0.0       
397        396        0.0             0.0       
397        398        0.0             0.0       
398        397        0.0             0.0       
398        399        0.0             0.0       
399        398        0.0             0.0       
399        400        0.0             0.0       
400        399        0.0             0.0       
400        401        0.0             0.0       
401        400        0.0             0.0       
401        402        0.0             0.0       
402        401        0.0             0.0       
402        403        0.0             0.0       
403        402        0.0             0.0       
403        404        0.0             0.0       
404        403        0.0             0.0       
404        405        0.0             0.0       
405        404        0.0             0.0       
405        406        0.0             0.0       
406        405        0.0             0.0       
406        407        0.0             0.0       
407        406        0.0             0.0       
407        408        0.0             0.0       
408        407        0.0             0.0       
408        409        0.0             0.0       
409        408        0.0             0.0       
409        410        0.0             0.0       
410        409        0.0             0.0       
410        411        0.0             0.0       
411        410        0.0             0.0       
411        412        0.0             0.0       
412        411        0.0             0.0       
412        413        0.0             0.0       
413        412        0.0             0.0       
413        414        0.0             0.0       
414        413        0.0             0.0       
414        415        0.0             0.0       
415        414        0.0             0.0       
415        416        0.0             0.0       
416        415        0.0             0.0       
416        417        0.0             0.0       
417        416        0.0             0.0       
417        418        0.0             0.0       
418        417        0.0             0.0       
418        419        0.0             0.0       
419        418        0.0             0.0       
419        420        0.0             0.0       
420        419        0.0             0.0       
420        421        0.0             0.0       
421        420        0.0             0.0       
421        422        0.0             0.0       
422        421        0.0             0.0       
422        423        0.0             0.0       
423        422        0.0             0.0       
423        424        0.0             0.0       
424        423        0.0             0.0       
