From       To         Volume          Cost      
0          1          0.0             0.0       
1          0          0.0             0.0       
0          13         0.0             0.0       
13         0          0.0             0.0       
1          2          0.0             0.0       
2          1          0.0             0.0       
1          14         0.0             0.0       
14         1          0.0             0.0       
2          3          0.0             0.0       
3          2          0.0             0.0       
2          15         0.0             0.0       
15         2          0.0             0.0       
3          4          0.0             0.0       
4          3          0.0             0.0       
3          16         0.0             0.0       
16         3          0.0             0.0       
4          5          0.0             0.0       
5          4          0.0             0.0       
4          17         0.0             0.0       
17         4          0.0             0.0       
5          6          0.0             0.0       
6          5          0.0             0.0       
5          18         0.0             0.0       
18         5          0.0             0.0       
6          7          0.0             0.0       
7          6          0.0             0.0       
6          19         0.0             0.0       
19         6          0.0             0.0       
7          8          0.0             0.0       
8          7          0.0             0.0       
7          20         0.0             0.0       
20         7          0.0             0.0       
8          9          0.0             0.0       
9          8          0.0             0.0       
8          21         0.0             0.0       
21         8          0.0             0.0       
9          10         0.0             0.0       
10         9          0.0             0.0       
9          22         0.0             0.0       
22         9          0.0             0.0       
10         11         0.0             0.0       
11         10         0.0             0.0       
10         23         0.0             0.0       
23         10         0.0             0.0       
11         12         0.0             0.0       
12         11         0.0             0.0       
11         24         0.0             0.0       
24         11         0.0             0.0       
12         25         0.0             0.0       
25         12         0.0             0.0       
13         14         0.0             0.0       
14         13         0.0             0.0       
13         26         0.0             0.0       
26         13         0.0             0.0       
14         15         0.0             0.0       
15         14         0.0             0.0       
14         27         0.0             0.0       
27         14         0.0             0.0       
15         16         0.0             0.0       
16         15         0.0             0.0       
15         28         0.0             0.0       
28         15         0.0             0.0       
16         17         0.0             0.0       
17         16         0.0             0.0       
16         29         0.0             0.0       
29         16         0.0             0.0       
17         18         0.0             0.0       
18         17         0.0             0.0       
17         30         0.0             0.0       
30         17         0.0             0.0       
18         19         0.0             0.0       
19         18         0.0             0.0       
18         31         0.0             0.0       
31         18         0.0             0.0       
19         20         0.0             0.0       
20         19         0.0             0.0       
19         32         0.0             0.0       
32         19         0.0             0.0       
20         21         0.0             0.0       
21         20         0.0             0.0       
20         33         0.0             0.0       
33         20         0.0             0.0       
21         22         0.0             0.0       
22         21         0.0             0.0       
21         34         0.0             0.0       
34         21         0.0             0.0       
22         23         0.0             0.0       
23         22         0.0             0.0       
22         35         0.0             0.0       
35         22         0.0             0.0       
23         24         0.0             0.0       
24         23         0.0             0.0       
23         36         0.0             0.0       
36         23         0.0             0.0       
24         25         0.0             0.0       
25         24         0.0             0.0       
24         37         0.0             0.0       
37         24         0.0             0.0       
25         38         0.0             0.0       
38         25         0.0             0.0       
26         27         0.0             0.0       
27         26         0.0             0.0       
26         39         0.0             0.0       
39         26         0.0             0.0       
27         28         0.0             0.0       
28         27         0.0             0.0       
27         40         0.0             0.0       
40         27         0.0             0.0       
28         29         0.0             0.0       
29         28         0.0             0.0       
28         41         0.0             0.0       
41         28         0.0             0.0       
29         30         0.0             0.0       
30         29         0.0             0.0       
29         42         0.0             0.0       
42         29         0.0             0.0       
30         31         0.0             0.0       
31         30         0.0             0.0       
30         43         0.0             0.0       
43         30         0.0             0.0       
31         32         0.0             0.0       
32         31         0.0             0.0       
31         44         0.0             0.0       
44         31         0.0             0.0       
32         33         0.0             0.0       
33         32         0.0             0.0       
32         45         0.0             0.0       
45         32         0.0             0.0       
33         34         0.0             0.0       
34         33         0.0             0.0       
33         46         0.0             0.0       
46         33         0.0             0.0       
34         35         0.0             0.0       
35         34         0.0             0.0       
34         47         0.0             0.0       
47         34         0.0             0.0       
35         36         0.0             0.0       
36         35         0.0             0.0       
35         48         0.0             0.0       
48         35         0.0             0.0       
36         37         0.0             0.0       
37         36         0.0             0.0       
36         49         0.0             0.0       
49         36         0.0             0.0       
37         38         0.0             0.0       
38         37         0.0             0.0       
37         50         0.0             0.0       
50         37         0.0             0.0       
38         51         0.0             0.0       
51         38         0.0             0.0       
39         40         0.0             0.0       
40         39         0.0             0.0       
39         52         0.0             0.0       
52         39         0.0             0.0       
40         41         0.0             0.0       
41         40         0.0             0.0       
40         53         0.0             0.0       
53         40         0.0             0.0       
41         42         0.0             0.0       
42         41         0.0             0.0       
41         54         0.0             0.0       
54         41         0.0             0.0       
42         43         0.0             0.0       
43         42         0.0             0.0       
42         55         0.0             0.0       
55         42         0.0             0.0       
43         44         0.0             0.0       
44         43         0.0             0.0       
43         56         0.0             0.0       
56         43         0.0             0.0       
44         45         0.0             0.0       
45         44         0.0             0.0       
44         57         0.0             0.0       
57         44         0.0             0.0       
45         46         0.0             0.0       
46         45         0.0             0.0       
45         58         0.0             0.0       
58         45         0.0             0.0       
46         47         0.0             0.0       
47         46         0.0             0.0       
46         59         0.0             0.0       
59         46         0.0             0.0       
47         48         0.0             0.0       
48         47         0.0             0.0       
47         60         0.0             0.0       
60         47         0.0             0.0       
48         49         0.0             0.0       
49         48         0.0             0.0       
48         61         0.0             0.0       
61         48         0.0             0.0       
49         50         0.0             0.0       
50         49         0.0             0.0       
49         62         0.0             0.0       
62         49         0.0             0.0       
50         51         0.0             0.0       
51         50         0.0             0.0       
50         63         0.0             0.0       
63         50         0.0             0.0       
51         64         0.0             0.0       
64         51         0.0             0.0       
52         53         0.0             0.0       
53         52         0.0             0.0       
52         65         0.0             0.0       
65         52         0.0             0.0       
53         54         0.0             0.0       
54         53         0.0             0.0       
53         66         0.0             0.0       
66         53         0.0             0.0       
54         55         0.0             0.0       
55         54         0.0             0.0       
54         67         0.0             0.0       
67         54         0.0             0.0       
55         56         0.0             0.0       
56         55         0.0             0.0       
55         68         0.0             0.0       
68         55         0.0             0.0       
56         57         0.0             0.0       
57         56         0.0             0.0       
56         69         0.0             0.0       
69         56         0.0             0.0       
57         58         0.0             0.0       
58         57         0.0             0.0       
57         70         0.0             0.0       
70         57         0.0             0.0       
58         59         0.0             0.0       
59         58         0.0             0.0       
58         71         0.0             0.0       
71         58         0.0             0.0       
59         60         0.0             0.0       
60         59         0.0             0.0       
59         72         0.0             0.0       
72         59         0.0             0.0       
60         61         0.0             0.0       
61         60         0.0             0.0       
60         73         0.0             0.0       
73         60         0.0             0.0       
61         62         0.0             0.0       
62         61         0.0             0.0       
61         74         0.0             0.0       
74         61         0.0             0.0       
62         63         0.0             0.0       
63         62         0.0             0.0       
62         75         0.0             0.0       
75         62         0.0             0.0       
63         64         0.0             0.0       
64         63         0.0             0.0       
63         76         0.0             0.0       
76         63         0.0             0.0       
64         77         0.0             0.0       
77         64         0.0             0.0       
65         66         0.0             0.0       
66         65         0.0             0.0       
65         78         0.0             0.0       
78         65         0.0             0.0       
66         67         0.0             0.0       
67         66         0.0             0.0       
66         79         0.0             0.0       
79         66         0.0             0.0       
67         68         0.0             0.0       
68         67         0.0             0.0       
67         80         0.0             0.0       
80         67         0.0             0.0       
68         69         0.0             0.0       
69         68         0.0             0.0       
68         81         0.0             0.0       
81         68         0.0             0.0       
69         70         0.0             0.0       
70         69         0.0             0.0       
69         82         0.0             0.0       
82         69         0.0             0.0       
70         71         0.0             0.0       
71         70         0.0             0.0       
70         83         0.0             0.0       
83         70         0.0             0.0       
71         72         0.0             0.0       
72         71         0.0             0.0       
71         84         0.0             0.0       
84         71         0.0             0.0       
72         73         0.0             0.0       
73         72         0.0             0.0       
72         85         0.0             0.0       
85         72         0.0             0.0       
73         74         0.0             0.0       
74         73         0.0             0.0       
73         86         0.0             0.0       
86         73         0.0             0.0       
74         75         0.0             0.0       
75         74         0.0             0.0       
74         87         0.0             0.0       
87         74         0.0             0.0       
75         76         0.0             0.0       
76         75         0.0             0.0       
75         88         0.0             0.0       
88         75         0.0             0.0       
76         77         0.0             0.0       
77         76         0.0             0.0       
76         89         0.0             0.0       
89         76         0.0             0.0       
77         90         0.0             0.0       
90         77         0.0             0.0       
78         79         0.0             0.0       
79         78         0.0             0.0       
78         91         0.0             0.0       
91         78         0.0             0.0       
79         80         0.0             0.0       
80         79         0.0             0.0       
79         92         0.0             0.0       
92         79         0.0             0.0       
80         81         0.0             0.0       
81         80         0.0             0.0       
80         93         0.0             0.0       
93         80         0.0             0.0       
81         82         0.0             0.0       
82         81         0.0             0.0       
81         94         0.0             0.0       
94         81         0.0             0.0       
82         83         0.0             0.0       
83         82         0.0             0.0       
82         95         0.0             0.0       
95         82         0.0             0.0       
83         84         0.0             0.0       
84         83         0.0             0.0       
83         96         0.0             0.0       
96         83         0.0             0.0       
84         85         0.0             0.0       
85         84         0.0             0.0       
84         97         0.0             0.0       
97         84         0.0             0.0       
85         86         0.0             0.0       
86         85         0.0             0.0       
85         98         0.0             0.0       
98         85         0.0             0.0       
86         87         0.0             0.0       
87         86         0.0             0.0       
86         99         0.0             0.0       
99         86         0.0             0.0       
87         88         0.0             0.0       
88         87         0.0             0.0       
87         100        0.0             0.0       
100        87         0.0             0.0       
88         89         0.0             0.0       
89         88         0.0             0.0       
88         101        0.0             0.0       
101        88         0.0             0.0       
89         90         0.0             0.0       
90         89         0.0             0.0       
89         102        0.0             0.0       
102        89         0.0             0.0       
90         103        0.0             0.0       
103        90         0.0             0.0       
91         92         0.0             0.0       
92         91         0.0             0.0       
92         93         0.0             0.0       
93         92         0.0             0.0       
93         94         0.0             0.0       
94         93         0.0             0.0       
94         95         0.0             0.0       
95         94         0.0             0.0       
95         96         0.0             0.0       
96         95         0.0             0.0       
96         97         0.0             0.0       
97         96         0.0             0.0       
97         98         0.0             0.0       
98         97         0.0             0.0       
98         99         0.0             0.0       
99         98         0.0             0.0       
99         100        0.0             0.0       
100        99         0.0             0.0       
100        101        0.0             0.0       
101        100        0.0             0.0       
101        102        0.0             0.0       
102        101        0.0             0.0       
102        103        0.0             0.0       
103        102        0.0             0.0       
